[[0, 11, 11, 11, 11, 11, 11, 11, 8, 11, 11], [11, 1, 11, 11, 11, 11, 11, 11, 11, 9, 11], [11, 11, 2, 11, 11, 11, 11, 11, 11, 11, 10], [11, 11, 11, 3, 11, 11, 11, 11, 11, 11, 11], [11, 11, 11, 11, 4, 11, 11, 11, 11, 11, 11], [11, 11, 11, 11, 11, 5, 11, 11, 11, 11, 11], [11, 11, 11, 11, 11, 11, 6, 11, 11, 11, 11], [11, 11, 11, 11, 11, 11, 11, 7, 11, 11, 11], [11, 11, 11, 8, 11, 11, 11, 11, 11, 11, 11], [11, 11, 11, 11, 9, 11, 11, 11, 11, 11, 11], [11, 11, 11, 11, 11, 10, 11, 11, 11, 11, 11]]
[[0, 11, 11, 11, 11, 11, 11, 11, 8, 11, 11], [11, 1, 11, 11, 11, 11, 11, 11, 11, 9, 11], [11, 11, 2, 11, 11, 11, 11, 11, 11, 11, 10], [11, 11, 11, 3, 11, 11, 11, 11, 11, 11, 11], [11, 11, 11, 11, 4, 11, 11, 11, 11, 11, 11], [11, 11, 11, 11, 11, 5, 11, 11, 11, 11, 11], [11, 11, 11, 11, 11, 11, 6, 11, 11, 11, 11], [11, 11, 11, 11, 11, 11, 11, 7, 11, 11, 11], [11, 11, 11, 8, 11, 11, 11, 11, 11, 11, 11], [11, 11, 11, 9, 11, 11, 11, 11, 11, 11, 11], [11, 11, 11, 10, 11, 11, 11, 11, 11, 11, 11]]
[[0, 11, 11, 11, 11, 11, 11, 11, 8, 11, 11], [11, 1, 11, 11, 11, 11, 11, 11, 11, 9, 11], [11, 11, 2, 11, 11, 11, 11, 11, 11, 11, 10], [11, 11, 11, 3, 11, 11, 11, 11, 11, 11, 11], [11, 11, 11, 11, 4, 11, 11, 11, 11, 11, 11], [11, 11, 11, 11, 11, 5, 11, 11, 11, 11, 11], [11, 11, 11, 11, 11, 11, 6, 11, 11, 11, 11], [11, 11, 11, 11, 11, 11, 11, 7, 11, 11, 11], [11, 11, 11, 8, 11, 11, 11, 11, 11, 11, 11], [11, 11, 11, 9, 11, 11, 11, 11, 11, 11, 11], [11, 11, 11, 11, 10, 11, 11, 11, 11, 11, 11]]
[[0, 11, 11, 11, 11, 11, 11, 11, 8, 11, 11], [11, 1, 11, 11, 11, 11, 11, 11, 11, 9, 11], [11, 11, 2, 11, 11, 11, 11, 11, 11, 11, 10], [11, 11, 11, 3, 11, 11, 11, 11, 11, 11, 11], [11, 11, 11, 11, 4, 11, 11, 11, 11, 11, 11], [11, 11, 11, 11, 11, 5, 11, 11, 11, 11, 11], [11, 11, 11, 11, 11, 11, 6, 11, 11, 11, 11], [11, 11, 11, 11, 11, 11, 11, 7, 11, 11, 11], [11, 8, 11, 11, 11, 11, 11, 11, 11, 0, 11], [9, 11, 11, 11, 11, 11, 11, 11, 1, 11, 11], [11, 11, 11, 10, 11, 11, 11, 11, 11, 11, 11]]
[[0, 11, 11, 11, 11, 11, 11, 11, 8, 11, 11], [11, 1, 11, 11, 11, 11, 11, 11, 11, 9, 11], [11, 11, 2, 11, 11, 11, 11, 11, 11, 11, 10], [11, 11, 11, 3, 11, 11, 11, 11, 11, 11, 11], [11, 11, 11, 11, 4, 11, 11, 11, 11, 11, 11], [11, 11, 11, 11, 11, 5, 11, 11, 11, 11, 11], [11, 11, 11, 11, 11, 11, 6, 11, 11, 11, 11], [11, 11, 11, 11, 11, 11, 11, 7, 11, 11, 11], [8, 11, 11, 11, 11, 11, 11, 11, 0, 11, 11], [11, 11, 11, 9, 11, 11, 11, 11, 11, 11, 11], [11, 11, 11, 10, 11, 11, 11, 11, 11, 11, 11]]
[[0, 11, 11, 11, 11, 11, 11, 11, 8, 11, 11], [11, 1, 11, 11, 11, 11, 11, 11, 11, 9, 11], [11, 11, 2, 11, 11, 11, 11, 11, 11, 11, 10], [11, 11, 11, 3, 11, 11, 11, 11, 11, 11, 11], [11, 11, 11, 11, 4, 11, 11, 11, 11, 11, 11], [11, 11, 11, 11, 11, 5, 11, 11, 11, 11, 11], [11, 11, 11, 11, 11, 11, 6, 11, 11, 11, 11], [11, 11, 11, 11, 11, 11, 11, 7, 11, 11, 11], [8, 11, 11, 11, 11, 11, 11, 11, 0, 11, 11], [11, 11, 11, 9, 11, 11, 11, 11, 11, 11, 11], [11, 11, 11, 11, 10, 11, 11, 11, 11, 11, 11]]
[[0, 11, 11, 11, 11, 11, 11, 11, 8, 11, 11], [11, 1, 11, 11, 11, 11, 11, 11, 11, 9, 11], [11, 11, 2, 11, 11, 11, 11, 11, 11, 11, 10], [11, 11, 11, 3, 11, 11, 11, 11, 11, 11, 11], [11, 11, 11, 11, 4, 11, 11, 11, 11, 11, 11], [11, 11, 11, 11, 11, 5, 11, 11, 11, 11, 11], [11, 11, 11, 11, 11, 11, 6, 11, 11, 11, 11], [11, 11, 11, 11, 11, 11, 11, 7, 11, 11, 11], [8, 11, 11, 11, 11, 11, 11, 11, 0, 11, 11], [11, 11, 9, 11, 11, 11, 11, 11, 11, 11, 1], [11, 10, 11, 11, 11, 11, 11, 11, 11, 2, 11]]
[[0, 11, 11, 11, 11, 11, 11, 11, 8, 11, 11], [11, 1, 11, 11, 11, 11, 11, 11, 11, 9, 11], [11, 11, 2, 11, 11, 11, 11, 11, 11, 11, 10], [11, 11, 11, 3, 11, 11, 11, 11, 11, 11, 11], [11, 11, 11, 11, 4, 11, 11, 11, 11, 11, 11], [11, 11, 11, 11, 11, 5, 11, 11, 11, 11, 11], [11, 11, 11, 11, 11, 11, 6, 11, 11, 11, 11], [11, 11, 11, 11, 11, 11, 11, 7, 11, 11, 11], [8, 11, 11, 11, 11, 11, 11, 11, 0, 11, 11], [11, 9, 11, 11, 11, 11, 11, 11, 11, 1, 11], [11, 11, 10, 11, 11, 11, 11, 11, 11, 11, 10]]
[[0, 11, 11, 11, 11, 11, 11, 11, 8, 11, 11], [11, 1, 11, 11, 11, 11, 11, 11, 11, 9, 11], [11, 11, 2, 11, 11, 11, 11, 11, 11, 11, 10], [11, 11, 11, 3, 11, 11, 11, 11, 11, 11, 11], [11, 11, 11, 11, 4, 11, 11, 11, 11, 11, 11], [11, 11, 11, 11, 11, 5, 11, 11, 11, 11, 11], [11, 11, 11, 11, 11, 11, 6, 11, 11, 11, 11], [11, 11, 11, 11, 11, 11, 11, 7, 11, 11, 11], [8, 11, 11, 11, 11, 11, 11, 11, 0, 11, 11], [11, 9, 11, 11, 11, 11, 11, 11, 11, 1, 11], [11, 11, 10, 11, 11, 11, 11, 11, 11, 11, 2]]
[[0, 11, 11, 11, 11, 11, 11, 11, 8, 11, 11], [11, 1, 11, 11, 11, 11, 11, 11, 11, 9, 11], [11, 11, 2, 11, 11, 11, 11, 11, 11, 11, 10], [11, 11, 11, 3, 11, 11, 11, 11, 11, 11, 11], [11, 11, 11, 11, 4, 11, 11, 11, 11, 11, 11], [11, 11, 11, 11, 11, 5, 11, 11, 11, 11, 11], [11, 11, 11, 11, 11, 11, 6, 11, 11, 11, 11], [11, 11, 11, 11, 11, 11, 11, 7, 11, 11, 11], [8, 11, 11, 11, 11, 11, 11, 11, 0, 11, 11], [11, 9, 11, 11, 11, 11, 11, 11, 11, 1, 11], [11, 11, 11, 10, 11, 11, 11, 11, 11, 11, 11]]
[[0, 11, 11, 11, 11, 11, 11, 11, 8, 11, 11], [11, 1, 11, 11, 11, 11, 11, 11, 11, 9, 11], [11, 11, 2, 11, 11, 11, 11, 11, 11, 11, 10], [11, 11, 11, 3, 11, 11, 11, 11, 11, 11, 11], [11, 11, 11, 11, 4, 11, 11, 11, 11, 11, 11], [11, 11, 11, 11, 11, 5, 11, 11, 11, 11, 11], [11, 11, 11, 11, 11, 11, 6, 11, 11, 11, 11], [11, 11, 11, 11, 11, 11, 11, 7, 11, 11, 11], [8, 11, 11, 11, 11, 11, 11, 11, 0, 11, 11], [11, 9, 11, 11, 11, 11, 11, 11, 11, 9, 11], [11, 10, 11, 11, 11, 11, 11, 11, 11, 10, 11]]
[[0, 11, 11, 11, 11, 11, 11, 11, 8, 11, 11], [11, 1, 11, 11, 11, 11, 11, 11, 11, 9, 11], [11, 11, 2, 11, 11, 11, 11, 11, 11, 11, 10], [11, 11, 11, 3, 11, 11, 11, 11, 11, 11, 11], [11, 11, 11, 11, 4, 11, 11, 11, 11, 11, 11], [11, 11, 11, 11, 11, 5, 11, 11, 11, 11, 11], [11, 11, 11, 11, 11, 11, 6, 11, 11, 11, 11], [11, 11, 11, 11, 11, 11, 11, 7, 11, 11, 11], [8, 11, 11, 11, 11, 11, 11, 11, 0, 11, 11], [11, 9, 11, 11, 11, 11, 11, 11, 11, 9, 11], [11, 11, 10, 11, 11, 11, 11, 11, 11, 11, 10]]
[[0, 11, 11, 11, 11, 11, 11, 11, 8, 11, 11], [11, 1, 11, 11, 11, 11, 11, 11, 11, 9, 11], [11, 11, 2, 11, 11, 11, 11, 11, 11, 11, 10], [11, 11, 11, 3, 11, 11, 11, 11, 11, 11, 11], [11, 11, 11, 11, 4, 11, 11, 11, 11, 11, 11], [11, 11, 11, 11, 11, 5, 11, 11, 11, 11, 11], [11, 11, 11, 11, 11, 11, 6, 11, 11, 11, 11], [11, 11, 11, 11, 11, 11, 11, 7, 11, 11, 11], [8, 11, 11, 11, 11, 11, 11, 11, 0, 11, 11], [11, 9, 11, 11, 11, 11, 11, 11, 11, 9, 11], [11, 11, 11, 10, 11, 11, 11, 11, 11, 11, 11]]
[[0, 11, 11, 11, 11, 11, 11, 11, 8, 11, 11], [11, 1, 11, 11, 11, 11, 11, 11, 11, 9, 11], [11, 11, 2, 11, 11, 11, 11, 11, 11, 11, 10], [11, 11, 11, 3, 11, 11, 11, 11, 11, 11, 11], [11, 11, 11, 11, 4, 11, 11, 11, 11, 11, 11], [11, 11, 11, 11, 11, 5, 11, 11, 11, 11, 11], [11, 11, 11, 11, 11, 11, 6, 11, 11, 11, 11], [11, 11, 11, 11, 11, 11, 11, 7, 11, 11, 11], [8, 11, 11, 11, 11, 11, 11, 11, 0, 11, 11], [9, 11, 11, 11, 11, 11, 11, 11, 9, 11, 11], [10, 11, 11, 11, 11, 11, 11, 11, 10, 11, 11]]
[[0, 11, 11, 11, 11, 11, 11, 11, 8, 11, 11], [11, 1, 11, 11, 11, 11, 11, 11, 11, 9, 11], [11, 11, 2, 11, 11, 11, 11, 11, 11, 11, 10], [11, 11, 11, 3, 11, 11, 11, 11, 11, 11, 11], [11, 11, 11, 11, 4, 11, 11, 11, 11, 11, 11], [11, 11, 11, 11, 11, 5, 11, 11, 11, 11, 11], [11, 11, 11, 11, 11, 11, 6, 11, 11, 11, 11], [11, 11, 11, 11, 11, 11, 11, 7, 11, 11, 11], [8, 11, 11, 11, 11, 11, 11, 11, 0, 11, 11], [9, 11, 11, 11, 11, 11, 11, 11, 9, 11, 11], [11, 11, 10, 11, 11, 11, 11, 11, 11, 11, 10]]
[[0, 11, 11, 11, 11, 11, 11, 11, 8, 11, 11], [11, 1, 11, 11, 11, 11, 11, 11, 11, 9, 11], [11, 11, 2, 11, 11, 11, 11, 11, 11, 11, 10], [11, 11, 11, 3, 11, 11, 11, 11, 11, 11, 11], [11, 11, 11, 11, 4, 11, 11, 11, 11, 11, 11], [11, 11, 11, 11, 11, 5, 11, 11, 11, 11, 11], [11, 11, 11, 11, 11, 11, 6, 11, 11, 11, 11], [11, 11, 11, 11, 11, 11, 11, 7, 11, 11, 11], [8, 11, 11, 11, 11, 11, 11, 11, 0, 11, 11], [9, 11, 11, 11, 11, 11, 11, 11, 9, 11, 11], [11, 11, 10, 11, 11, 11, 11, 11, 11, 11, 2]]
[[0, 11, 11, 11, 11, 11, 11, 11, 8, 11, 11], [11, 1, 11, 11, 11, 11, 11, 11, 11, 9, 11], [11, 11, 2, 11, 11, 11, 11, 11, 11, 11, 10], [11, 11, 11, 3, 11, 11, 11, 11, 11, 11, 11], [11, 11, 11, 11, 4, 11, 11, 11, 11, 11, 11], [11, 11, 11, 11, 11, 5, 11, 11, 11, 11, 11], [11, 11, 11, 11, 11, 11, 6, 11, 11, 11, 11], [11, 11, 11, 11, 11, 11, 11, 7, 11, 11, 11], [8, 11, 11, 11, 11, 11, 11, 11, 0, 11, 11], [9, 11, 11, 11, 11, 11, 11, 11, 9, 11, 11], [11, 11, 11, 10, 11, 11, 11, 11, 11, 11, 11]]
[[0, 11, 11, 11, 11, 11, 11, 11, 8, 11, 11], [11, 1, 11, 11, 11, 11, 11, 11, 11, 9, 11], [11, 11, 2, 11, 11, 11, 11, 11, 11, 11, 10], [11, 11, 11, 3, 11, 11, 11, 11, 11, 11, 11], [11, 11, 11, 11, 4, 11, 11, 11, 11, 11, 11], [11, 11, 11, 11, 11, 5, 11, 11, 11, 11, 11], [11, 11, 11, 11, 11, 11, 6, 11, 11, 11, 11], [11, 11, 11, 11, 11, 11, 11, 7, 11, 11, 11], [8, 11, 11, 11, 11, 11, 11, 11, 8, 11, 11], [11, 11, 11, 9, 11, 11, 11, 11, 11, 11, 11], [11, 11, 11, 10, 11, 11, 11, 11, 11, 11, 11]]
[[0, 11, 11, 11, 11, 11, 11, 11, 8, 11, 11], [11, 1, 11, 11, 11, 11, 11, 11, 11, 9, 11], [11, 11, 2, 11, 11, 11, 11, 11, 11, 11, 10], [11, 11, 11, 3, 11, 11, 11, 11, 11, 11, 11], [11, 11, 11, 11, 4, 11, 11, 11, 11, 11, 11], [11, 11, 11, 11, 11, 5, 11, 11, 11, 11, 11], [11, 11, 11, 11, 11, 11, 6, 11, 11, 11, 11], [11, 11, 11, 11, 11, 11, 11, 7, 11, 11, 11], [8, 11, 11, 11, 11, 11, 11, 11, 8, 11, 11], [11, 11, 11, 9, 11, 11, 11, 11, 11, 11, 11], [11, 11, 11, 11, 10, 11, 11, 11, 11, 11, 11]]
[[0, 11, 11, 11, 11, 11, 11, 11, 8, 11, 11], [11, 1, 11, 11, 11, 11, 11, 11, 11, 9, 11], [11, 11, 2, 11, 11, 11, 11, 11, 11, 11, 10], [11, 11, 11, 3, 11, 11, 11, 11, 11, 11, 11], [11, 11, 11, 11, 4, 11, 11, 11, 11, 11, 11], [11, 11, 11, 11, 11, 5, 11, 11, 11, 11, 11], [11, 11, 11, 11, 11, 11, 6, 11, 11, 11, 11], [11, 11, 11, 11, 11, 11, 11, 7, 11, 11, 11], [8, 11, 11, 11, 11, 11, 11, 11, 8, 11, 11], [11, 11, 9, 11, 11, 11, 11, 11, 11, 11, 1], [11, 10, 11, 11, 11, 11, 11, 11, 11, 2, 11]]
[[0, 11, 11, 11, 11, 11, 11, 11, 8, 11, 11], [11, 1, 11, 11, 11, 11, 11, 11, 11, 9, 11], [11, 11, 2, 11, 11, 11, 11, 11, 11, 11, 10], [11, 11, 11, 3, 11, 11, 11, 11, 11, 11, 11], [11, 11, 11, 11, 4, 11, 11, 11, 11, 11, 11], [11, 11, 11, 11, 11, 5, 11, 11, 11, 11, 11], [11, 11, 11, 11, 11, 11, 6, 11, 11, 11, 11], [11, 11, 11, 11, 11, 11, 11, 7, 11, 11, 11], [8, 11, 11, 11, 11, 11, 11, 11, 8, 11, 11], [11, 9, 11, 11, 11, 11, 11, 11, 11, 9, 11], [11, 11, 10, 11, 11, 11, 11, 11, 11, 11, 10]]
[[0, 11, 11, 11, 11, 11, 11, 11, 8, 11, 11], [11, 1, 11, 11, 11, 11, 11, 11, 11, 9, 11], [11, 11, 2, 11, 11, 11, 11, 11, 11, 11, 10], [11, 11, 11, 3, 11, 11, 11, 11, 11, 11, 11], [11, 11, 11, 11, 4, 11, 11, 11, 11, 11, 11], [11, 11, 11, 11, 11, 5, 11, 11, 11, 11, 11], [11, 11, 11, 11, 11, 11, 6, 11, 11, 11, 11], [11, 11, 11, 11, 11, 11, 11, 7, 11, 11, 11], [8, 11, 11, 11, 11, 11, 11, 11, 8, 11, 11], [11, 9, 11, 11, 11, 11, 11, 11, 11, 9, 11], [11, 11, 11, 10, 11, 11, 11, 11, 11, 11, 11]]
[[0, 11, 11, 11, 11, 11, 11, 11, 8, 11, 11], [11, 1, 11, 11, 11, 11, 11, 11, 11, 9, 11], [11, 11, 2, 11, 11, 11, 11, 11, 11, 11, 10], [11, 11, 11, 3, 11, 11, 11, 11, 11, 11, 11], [11, 11, 11, 11, 4, 11, 11, 11, 11, 11, 11], [11, 11, 11, 11, 11, 5, 11, 11, 11, 11, 11], [11, 11, 11, 11, 11, 11, 6, 11, 11, 11, 11], [11, 11, 11, 11, 11, 11, 11, 7, 11, 11, 11], [8, 11, 11, 11, 11, 11, 11, 11, 8, 11, 11], [9, 11, 11, 11, 11, 11, 11, 11, 9, 11, 11], [10, 11, 11, 11, 11, 11, 11, 11, 10, 11, 11]]
[[0, 11, 11, 11, 11, 11, 11, 11, 8, 11, 11], [11, 1, 11, 11, 11, 11, 11, 11, 11, 9, 11], [11, 11, 2, 11, 11, 11, 11, 11, 11, 11, 10], [11, 11, 11, 3, 11, 11, 11, 11, 11, 11, 11], [11, 11, 11, 11, 4, 11, 11, 11, 11, 11, 11], [11, 11, 11, 11, 11, 5, 11, 11, 11, 11, 11], [11, 11, 11, 11, 11, 11, 6, 11, 11, 11, 11], [11, 11, 11, 11, 11, 11, 11, 7, 11, 11, 11], [8, 11, 11, 11, 11, 11, 11, 11, 8, 11, 11], [9, 11, 11, 11, 11, 11, 11, 11, 9, 11, 11], [11, 11, 10, 11, 11, 11, 11, 11, 11, 11, 10]]
[[0, 11, 11, 11, 11, 11, 11, 11, 8, 11, 11], [11, 1, 11, 11, 11, 11, 11, 11, 11, 9, 11], [11, 11, 2, 11, 11, 11, 11, 11, 11, 11, 10], [11, 11, 11, 3, 11, 11, 11, 11, 11, 11, 11], [11, 11, 11, 11, 4, 11, 11, 11, 11, 11, 11], [11, 11, 11, 11, 11, 5, 11, 11, 11, 11, 11], [11, 11, 11, 11, 11, 11, 6, 11, 11, 11, 11], [11, 11, 11, 11, 11, 11, 11, 7, 11, 11, 11], [8, 11, 11, 11, 11, 11, 11, 11, 8, 11, 11], [9, 11, 11, 11, 11, 11, 11, 11, 9, 11, 11], [11, 11, 11, 10, 11, 11, 11, 11, 11, 11, 11]]
[[0, 11, 11, 11, 11, 11, 11, 11, 8, 9, 10], [11, 1, 11, 11, 11, 11, 11, 11, 11, 11, 11], [11, 11, 2, 11, 11, 11, 11, 11, 11, 11, 11], [11, 11, 11, 3, 11, 11, 11, 11, 11, 11, 11], [11, 11, 11, 11, 4, 11, 11, 11, 11, 11, 11], [11, 11, 11, 11, 11, 5, 11, 11, 11, 11, 11], [11, 11, 11, 11, 11, 11, 6, 11, 11, 11, 11], [11, 11, 11, 11, 11, 11, 11, 7, 11, 11, 11], [11, 8, 11, 11, 11, 11, 11, 11, 11, 11, 11], [11, 11, 9, 11, 11, 11, 11, 11, 11, 11, 11], [11, 11, 11, 10, 11, 11, 11, 11, 11, 11, 11]]
[[0, 11, 11, 11, 11, 11, 11, 11, 8, 9, 10], [11, 1, 11, 11, 11, 11, 11, 11, 11, 11, 11], [11, 11, 2, 11, 11, 11, 11, 11, 11, 11, 11], [11, 11, 11, 3, 11, 11, 11, 11, 11, 11, 11], [11, 11, 11, 11, 4, 11, 11, 11, 11, 11, 11], [11, 11, 11, 11, 11, 5, 11, 11, 11, 11, 11], [11, 11, 11, 11, 11, 11, 6, 11, 11, 11, 11], [11, 11, 11, 11, 11, 11, 11, 7, 11, 11, 11], [11, 8, 11, 11, 11, 11, 11, 11, 11, 11, 11], [11, 9, 11, 11, 11, 11, 11, 11, 11, 11, 11], [11, 10, 11, 11, 11, 11, 11, 11, 11, 11, 11]]
[[0, 11, 11, 11, 11, 11, 11, 11, 8, 9, 10], [11, 1, 11, 11, 11, 11, 11, 11, 11, 11, 11], [11, 11, 2, 11, 11, 11, 11, 11, 11, 11, 11], [11, 11, 11, 3, 11, 11, 11, 11, 11, 11, 11], [11, 11, 11, 11, 4, 11, 11, 11, 11, 11, 11], [11, 11, 11, 11, 11, 5, 11, 11, 11, 11, 11], [11, 11, 11, 11, 11, 11, 6, 11, 11, 11, 11], [11, 11, 11, 11, 11, 11, 11, 7, 11, 11, 11], [11, 8, 11, 11, 11, 11, 11, 11, 11, 11, 11], [11, 9, 11, 11, 11, 11, 11, 11, 11, 11, 11], [11, 11, 10, 11, 11, 11, 11, 11, 11, 11, 11]]
[[0, 11, 11, 11, 11, 11, 11, 11, 8, 9, 10], [11, 1, 11, 11, 11, 11, 11, 11, 11, 11, 11], [11, 11, 2, 11, 11, 11, 11, 11, 11, 11, 11], [11, 11, 11, 3, 11, 11, 11, 11, 11, 11, 11], [11, 11, 11, 11, 4, 11, 11, 11, 11, 11, 11], [11, 11, 11, 11, 11, 5, 11, 11, 11, 11, 11], [11, 11, 11, 11, 11, 11, 6, 11, 11, 11, 11], [11, 11, 11, 11, 11, 11, 11, 7, 11, 11, 11], [8, 11, 11, 11, 11, 11, 11, 11, 0, 10, 9], [11, 9, 11, 11, 11, 11, 11, 11, 11, 11, 11], [11, 10, 11, 11, 11, 11, 11, 11, 11, 11, 11]]
[[0, 11, 11, 11, 11, 11, 11, 11, 8, 9, 10], [11, 1, 11, 11, 11, 11, 11, 11, 11, 11, 11], [11, 11, 2, 11, 11, 11, 11, 11, 11, 11, 11], [11, 11, 11, 3, 11, 11, 11, 11, 11, 11, 11], [11, 11, 11, 11, 4, 11, 11, 11, 11, 11, 11], [11, 11, 11, 11, 11, 5, 11, 11, 11, 11, 11], [11, 11, 11, 11, 11, 11, 6, 11, 11, 11, 11], [11, 11, 11, 11, 11, 11, 11, 7, 11, 11, 11], [8, 11, 11, 11, 11, 11, 11, 11, 0, 10, 9], [9, 11, 11, 11, 11, 11, 11, 11, 10, 0, 8], [10, 11, 11, 11, 11, 11, 11, 11, 9, 8, 0]]
[[0, 11, 11, 11, 11, 11, 11, 11, 8, 9, 10], [11, 1, 11, 11, 11, 11, 11, 11, 11, 11, 11], [11, 11, 2, 11, 11, 11, 11, 11, 11, 11, 11], [11, 11, 11, 3, 11, 11, 11, 11, 11, 11, 11], [11, 11, 11, 11, 4, 11, 11, 11, 11, 11, 11], [11, 11, 11, 11, 11, 5, 11, 11, 11, 11, 11], [11, 11, 11, 11, 11, 11, 6, 11, 11, 11, 11], [11, 11, 11, 11, 11, 11, 11, 7, 11, 11, 11], [8, 11, 11, 11, 11, 11, 11, 11, 0, 10, 9], [9, 11, 11, 11, 11, 11, 11, 11, 10, 8, 0], [10, 11, 11, 11, 11, 11, 11, 11, 9, 0, 8]]
[[0, 11, 11, 11, 11, 11, 11, 11, 8, 9, 10], [11, 1, 11, 11, 11, 11, 11, 11, 11, 11, 11], [11, 11, 2, 11, 11, 11, 11, 11, 11, 11, 11], [11, 11, 11, 3, 11, 11, 11, 11, 11, 11, 11], [11, 11, 11, 11, 4, 11, 11, 11, 11, 11, 11], [11, 11, 11, 11, 11, 5, 11, 11, 11, 11, 11], [11, 11, 11, 11, 11, 11, 6, 11, 11, 11, 11], [11, 11, 11, 11, 11, 11, 11, 7, 11, 11, 11], [8, 11, 11, 11, 11, 11, 11, 11, 0, 10, 9], [9, 11, 11, 11, 11, 11, 11, 11, 10, 9, 10], [10, 11, 11, 11, 11, 11, 11, 11, 9, 10, 9]]
[[0, 11, 11, 11, 11, 11, 11, 11, 8, 9, 10], [11, 1, 11, 11, 11, 11, 11, 11, 11, 11, 11], [11, 11, 2, 11, 11, 11, 11, 11, 11, 11, 11], [11, 11, 11, 3, 11, 11, 11, 11, 11, 11, 11], [11, 11, 11, 11, 4, 11, 11, 11, 11, 11, 11], [11, 11, 11, 11, 11, 5, 11, 11, 11, 11, 11], [11, 11, 11, 11, 11, 11, 6, 11, 11, 11, 11], [11, 11, 11, 11, 11, 11, 11, 7, 11, 11, 11], [8, 11, 11, 11, 11, 11, 11, 11, 0, 10, 9], [9, 11, 11, 11, 11, 11, 11, 11, 9, 9, 9], [10, 11, 11, 11, 11, 11, 11, 11, 10, 10, 10]]
[[0, 11, 11, 11, 11, 11, 11, 11, 8, 9, 10], [11, 1, 11, 11, 11, 11, 11, 11, 11, 11, 11], [11, 11, 2, 11, 11, 11, 11, 11, 11, 11, 11], [11, 11, 11, 3, 11, 11, 11, 11, 11, 11, 11], [11, 11, 11, 11, 4, 11, 11, 11, 11, 11, 11], [11, 11, 11, 11, 11, 5, 11, 11, 11, 11, 11], [11, 11, 11, 11, 11, 11, 6, 11, 11, 11, 11], [11, 11, 11, 11, 11, 11, 11, 7, 11, 11, 11], [8, 11, 11, 11, 11, 11, 11, 11, 0, 9, 10], [11, 9, 11, 11, 11, 11, 11, 11, 11, 11, 11], [11, 10, 11, 11, 11, 11, 11, 11, 11, 11, 11]]
[[0, 11, 11, 11, 11, 11, 11, 11, 8, 9, 10], [11, 1, 11, 11, 11, 11, 11, 11, 11, 11, 11], [11, 11, 2, 11, 11, 11, 11, 11, 11, 11, 11], [11, 11, 11, 3, 11, 11, 11, 11, 11, 11, 11], [11, 11, 11, 11, 4, 11, 11, 11, 11, 11, 11], [11, 11, 11, 11, 11, 5, 11, 11, 11, 11, 11], [11, 11, 11, 11, 11, 11, 6, 11, 11, 11, 11], [11, 11, 11, 11, 11, 11, 11, 7, 11, 11, 11], [8, 11, 11, 11, 11, 11, 11, 11, 0, 9, 10], [11, 9, 11, 11, 11, 11, 11, 11, 11, 11, 11], [11, 11, 10, 11, 11, 11, 11, 11, 11, 11, 11]]
[[0, 11, 11, 11, 11, 11, 11, 11, 8, 9, 10], [11, 1, 11, 11, 11, 11, 11, 11, 11, 11, 11], [11, 11, 2, 11, 11, 11, 11, 11, 11, 11, 11], [11, 11, 11, 3, 11, 11, 11, 11, 11, 11, 11], [11, 11, 11, 11, 4, 11, 11, 11, 11, 11, 11], [11, 11, 11, 11, 11, 5, 11, 11, 11, 11, 11], [11, 11, 11, 11, 11, 11, 6, 11, 11, 11, 11], [11, 11, 11, 11, 11, 11, 11, 7, 11, 11, 11], [8, 11, 11, 11, 11, 11, 11, 11, 0, 9, 10], [9, 11, 11, 11, 11, 11, 11, 11, 10, 9, 10], [10, 11, 11, 11, 11, 11, 11, 11, 9, 9, 10]]
[[0, 11, 11, 11, 11, 11, 11, 11, 8, 9, 10], [11, 1, 11, 11, 11, 11, 11, 11, 11, 11, 11], [11, 11, 2, 11, 11, 11, 11, 11, 11, 11, 11], [11, 11, 11, 3, 11, 11, 11, 11, 11, 11, 11], [11, 11, 11, 11, 4, 11, 11, 11, 11, 11, 11], [11, 11, 11, 11, 11, 5, 11, 11, 11, 11, 11], [11, 11, 11, 11, 11, 11, 6, 11, 11, 11, 11], [11, 11, 11, 11, 11, 11, 11, 7, 11, 11, 11], [8, 11, 11, 11, 11, 11, 11, 11, 0, 9, 10], [9, 11, 11, 11, 11, 11, 11, 11, 9, 9, 10], [10, 11, 11, 11, 11, 11, 11, 11, 10, 10, 9]]
[[0, 11, 11, 11, 11, 11, 11, 11, 8, 9, 10], [11, 1, 11, 11, 11, 11, 11, 11, 11, 11, 11], [11, 11, 2, 11, 11, 11, 11, 11, 11, 11, 11], [11, 11, 11, 3, 11, 11, 11, 11, 11, 11, 11], [11, 11, 11, 11, 4, 11, 11, 11, 11, 11, 11], [11, 11, 11, 11, 11, 5, 11, 11, 11, 11, 11], [11, 11, 11, 11, 11, 11, 6, 11, 11, 11, 11], [11, 11, 11, 11, 11, 11, 11, 7, 11, 11, 11], [8, 11, 11, 11, 11, 11, 11, 11, 0, 9, 10], [9, 11, 11, 11, 11, 11, 11, 11, 9, 9, 10], [10, 11, 11, 11, 11, 11, 11, 11, 10, 9, 10]]
[[0, 11, 11, 11, 11, 11, 11, 11, 8, 9, 10], [11, 1, 11, 11, 11, 11, 11, 11, 11, 11, 11], [11, 11, 2, 11, 11, 11, 11, 11, 11, 11, 11], [11, 11, 11, 3, 11, 11, 11, 11, 11, 11, 11], [11, 11, 11, 11, 4, 11, 11, 11, 11, 11, 11], [11, 11, 11, 11, 11, 5, 11, 11, 11, 11, 11], [11, 11, 11, 11, 11, 11, 6, 11, 11, 11, 11], [11, 11, 11, 11, 11, 11, 11, 7, 11, 11, 11], [8, 11, 11, 11, 11, 11, 11, 11, 0, 9, 10], [9, 11, 11, 11, 11, 11, 11, 11, 9, 9, 10], [11, 10, 11, 11, 11, 11, 11, 11, 11, 11, 11]]
[[0, 11, 11, 11, 11, 11, 11, 11, 8, 9, 10], [11, 1, 11, 11, 11, 11, 11, 11, 11, 11, 11], [11, 11, 2, 11, 11, 11, 11, 11, 11, 11, 11], [11, 11, 11, 3, 11, 11, 11, 11, 11, 11, 11], [11, 11, 11, 11, 4, 11, 11, 11, 11, 11, 11], [11, 11, 11, 11, 11, 5, 11, 11, 11, 11, 11], [11, 11, 11, 11, 11, 11, 6, 11, 11, 11, 11], [11, 11, 11, 11, 11, 11, 11, 7, 11, 11, 11], [8, 11, 11, 11, 11, 11, 11, 11, 0, 9, 10], [9, 11, 11, 11, 11, 11, 11, 11, 9, 9, 9], [10, 11, 11, 11, 11, 11, 11, 11, 10, 10, 10]]
[[0, 11, 11, 11, 11, 11, 11, 11, 8, 9, 10], [11, 1, 11, 11, 11, 11, 11, 11, 11, 11, 11], [11, 11, 2, 11, 11, 11, 11, 11, 11, 11, 11], [11, 11, 11, 3, 11, 11, 11, 11, 11, 11, 11], [11, 11, 11, 11, 4, 11, 11, 11, 11, 11, 11], [11, 11, 11, 11, 11, 5, 11, 11, 11, 11, 11], [11, 11, 11, 11, 11, 11, 6, 11, 11, 11, 11], [11, 11, 11, 11, 11, 11, 11, 7, 11, 11, 11], [8, 11, 11, 11, 11, 11, 11, 11, 0, 9, 10], [9, 11, 11, 11, 11, 11, 11, 11, 9, 9, 9], [10, 11, 11, 11, 11, 11, 11, 11, 10, 9, 10]]
[[0, 11, 11, 11, 11, 11, 11, 11, 8, 9, 10], [11, 1, 11, 11, 11, 11, 11, 11, 11, 11, 11], [11, 11, 2, 11, 11, 11, 11, 11, 11, 11, 11], [11, 11, 11, 3, 11, 11, 11, 11, 11, 11, 11], [11, 11, 11, 11, 4, 11, 11, 11, 11, 11, 11], [11, 11, 11, 11, 11, 5, 11, 11, 11, 11, 11], [11, 11, 11, 11, 11, 11, 6, 11, 11, 11, 11], [11, 11, 11, 11, 11, 11, 11, 7, 11, 11, 11], [8, 11, 11, 11, 11, 11, 11, 11, 0, 9, 10], [9, 11, 11, 11, 11, 11, 11, 11, 9, 9, 9], [10, 11, 11, 11, 11, 11, 11, 11, 10, 9, 9]]
[[0, 11, 11, 11, 11, 11, 11, 11, 8, 9, 10], [11, 1, 11, 11, 11, 11, 11, 11, 11, 11, 11], [11, 11, 2, 11, 11, 11, 11, 11, 11, 11, 11], [11, 11, 11, 3, 11, 11, 11, 11, 11, 11, 11], [11, 11, 11, 11, 4, 11, 11, 11, 11, 11, 11], [11, 11, 11, 11, 11, 5, 11, 11, 11, 11, 11], [11, 11, 11, 11, 11, 11, 6, 11, 11, 11, 11], [11, 11, 11, 11, 11, 11, 11, 7, 11, 11, 11], [8, 11, 11, 11, 11, 11, 11, 11, 8, 8, 10], [9, 11, 11, 11, 11, 11, 11, 11, 8, 8, 10], [10, 11, 11, 11, 11, 11, 11, 11, 10, 10, 8]]
[[0, 11, 11, 11, 11, 11, 11, 11, 8, 9, 10], [11, 1, 11, 11, 11, 11, 11, 11, 11, 11, 11], [11, 11, 2, 11, 11, 11, 11, 11, 11, 11, 11], [11, 11, 11, 3, 11, 11, 11, 11, 11, 11, 11], [11, 11, 11, 11, 4, 11, 11, 11, 11, 11, 11], [11, 11, 11, 11, 11, 5, 11, 11, 11, 11, 11], [11, 11, 11, 11, 11, 11, 6, 11, 11, 11, 11], [11, 11, 11, 11, 11, 11, 11, 7, 11, 11, 11], [8, 11, 11, 11, 11, 11, 11, 11, 8, 8, 10], [9, 11, 11, 11, 11, 11, 11, 11, 8, 8, 10], [10, 11, 11, 11, 11, 11, 11, 11, 8, 8, 10]]
[[0, 11, 11, 11, 11, 11, 11, 11, 8, 9, 10], [11, 1, 11, 11, 11, 11, 11, 11, 11, 11, 11], [11, 11, 2, 11, 11, 11, 11, 11, 11, 11, 11], [11, 11, 11, 3, 11, 11, 11, 11, 11, 11, 11], [11, 11, 11, 11, 4, 11, 11, 11, 11, 11, 11], [11, 11, 11, 11, 11, 5, 11, 11, 11, 11, 11], [11, 11, 11, 11, 11, 11, 6, 11, 11, 11, 11], [11, 11, 11, 11, 11, 11, 11, 7, 11, 11, 11], [8, 11, 11, 11, 11, 11, 11, 11, 8, 8, 10], [9, 11, 11, 11, 11, 11, 11, 11, 8, 8, 10], [11, 10, 11, 11, 11, 11, 11, 11, 11, 11, 11]]
[[0, 11, 11, 11, 11, 11, 11, 11, 8, 9, 10], [11, 1, 11, 11, 11, 11, 11, 11, 11, 11, 11], [11, 11, 2, 11, 11, 11, 11, 11, 11, 11, 11], [11, 11, 11, 3, 11, 11, 11, 11, 11, 11, 11], [11, 11, 11, 11, 4, 11, 11, 11, 11, 11, 11], [11, 11, 11, 11, 11, 5, 11, 11, 11, 11, 11], [11, 11, 11, 11, 11, 11, 6, 11, 11, 11, 11], [11, 11, 11, 11, 11, 11, 11, 7, 11, 11, 11], [8, 11, 11, 11, 11, 11, 11, 11, 8, 8, 10], [9, 11, 11, 11, 11, 11, 11, 11, 8, 9, 10], [10, 11, 11, 11, 11, 11, 11, 11, 10, 10, 8]]
[[0, 11, 11, 11, 11, 11, 11, 11, 8, 9, 10], [11, 1, 11, 11, 11, 11, 11, 11, 11, 11, 11], [11, 11, 2, 11, 11, 11, 11, 11, 11, 11, 11], [11, 11, 11, 3, 11, 11, 11, 11, 11, 11, 11], [11, 11, 11, 11, 4, 11, 11, 11, 11, 11, 11], [11, 11, 11, 11, 11, 5, 11, 11, 11, 11, 11], [11, 11, 11, 11, 11, 11, 6, 11, 11, 11, 11], [11, 11, 11, 11, 11, 11, 11, 7, 11, 11, 11], [8, 11, 11, 11, 11, 11, 11, 11, 8, 8, 10], [9, 11, 11, 11, 11, 11, 11, 11, 8, 9, 10], [10, 11, 11, 11, 11, 11, 11, 11, 8, 10, 10]]
[[0, 11, 11, 11, 11, 11, 11, 11, 8, 9, 10], [11, 1, 11, 11, 11, 11, 11, 11, 11, 11, 11], [11, 11, 2, 11, 11, 11, 11, 11, 11, 11, 11], [11, 11, 11, 3, 11, 11, 11, 11, 11, 11, 11], [11, 11, 11, 11, 4, 11, 11, 11, 11, 11, 11], [11, 11, 11, 11, 11, 5, 11, 11, 11, 11, 11], [11, 11, 11, 11, 11, 11, 6, 11, 11, 11, 11], [11, 11, 11, 11, 11, 11, 11, 7, 11, 11, 11], [8, 11, 11, 11, 11, 11, 11, 11, 8, 8, 10], [9, 11, 11, 11, 11, 11, 11, 11, 8, 9, 10], [10, 11, 11, 11, 11, 11, 11, 11, 8, 8, 10]]
[[0, 11, 11, 11, 11, 11, 11, 11, 8, 9, 10], [11, 1, 11, 11, 11, 11, 11, 11, 11, 11, 11], [11, 11, 2, 11, 11, 11, 11, 11, 11, 11, 11], [11, 11, 11, 3, 11, 11, 11, 11, 11, 11, 11], [11, 11, 11, 11, 4, 11, 11, 11, 11, 11, 11], [11, 11, 11, 11, 11, 5, 11, 11, 11, 11, 11], [11, 11, 11, 11, 11, 11, 6, 11, 11, 11, 11], [11, 11, 11, 11, 11, 11, 11, 7, 11, 11, 11], [8, 11, 11, 11, 11, 11, 11, 11, 8, 8, 10], [9, 11, 11, 11, 11, 11, 11, 11, 8, 9, 10], [11, 10, 11, 11, 11, 11, 11, 11, 11, 11, 11]]
[[0, 11, 11, 11, 11, 11, 11, 11, 8, 9, 10], [11, 1, 11, 11, 11, 11, 11, 11, 11, 11, 11], [11, 11, 2, 11, 11, 11, 11, 11, 11, 11, 11], [11, 11, 11, 3, 11, 11, 11, 11, 11, 11, 11], [11, 11, 11, 11, 4, 11, 11, 11, 11, 11, 11], [11, 11, 11, 11, 11, 5, 11, 11, 11, 11, 11], [11, 11, 11, 11, 11, 11, 6, 11, 11, 11, 11], [11, 11, 11, 11, 11, 11, 11, 7, 11, 11, 11], [8, 11, 11, 11, 11, 11, 11, 11, 8, 8, 10], [9, 11, 11, 11, 11, 11, 11, 11, 9, 9, 10], [11, 10, 11, 11, 11, 11, 11, 11, 11, 11, 11]]
[[0, 11, 11, 11, 11, 11, 11, 11, 8, 9, 10], [11, 1, 11, 11, 11, 11, 11, 11, 11, 11, 11], [11, 11, 2, 11, 11, 11, 11, 11, 11, 11, 11], [11, 11, 11, 3, 11, 11, 11, 11, 11, 11, 11], [11, 11, 11, 11, 4, 11, 11, 11, 11, 11, 11], [11, 11, 11, 11, 11, 5, 11, 11, 11, 11, 11], [11, 11, 11, 11, 11, 11, 6, 11, 11, 11, 11], [11, 11, 11, 11, 11, 11, 11, 7, 11, 11, 11], [8, 11, 11, 11, 11, 11, 11, 11, 8, 8, 8], [9, 11, 11, 11, 11, 11, 11, 11, 8, 10, 0], [10, 11, 11, 11, 11, 11, 11, 11, 8, 0, 9]]
[[0, 11, 11, 11, 11, 11, 11, 11, 8, 9, 10], [11, 1, 11, 11, 11, 11, 11, 11, 11, 11, 11], [11, 11, 2, 11, 11, 11, 11, 11, 11, 11, 11], [11, 11, 11, 3, 11, 11, 11, 11, 11, 11, 11], [11, 11, 11, 11, 4, 11, 11, 11, 11, 11, 11], [11, 11, 11, 11, 11, 5, 11, 11, 11, 11, 11], [11, 11, 11, 11, 11, 11, 6, 11, 11, 11, 11], [11, 11, 11, 11, 11, 11, 11, 7, 11, 11, 11], [8, 11, 11, 11, 11, 11, 11, 11, 8, 8, 8], [9, 11, 11, 11, 11, 11, 11, 11, 8, 8, 8], [10, 11, 11, 11, 11, 11, 11, 11, 10, 10, 10]]
[[0, 11, 11, 11, 11, 11, 11, 11, 8, 9, 10], [11, 1, 11, 11, 11, 11, 11, 11, 11, 11, 11], [11, 11, 2, 11, 11, 11, 11, 11, 11, 11, 11], [11, 11, 11, 3, 11, 11, 11, 11, 11, 11, 11], [11, 11, 11, 11, 4, 11, 11, 11, 11, 11, 11], [11, 11, 11, 11, 11, 5, 11, 11, 11, 11, 11], [11, 11, 11, 11, 11, 11, 6, 11, 11, 11, 11], [11, 11, 11, 11, 11, 11, 11, 7, 11, 11, 11], [8, 11, 11, 11, 11, 11, 11, 11, 8, 8, 8], [9, 11, 11, 11, 11, 11, 11, 11, 8, 8, 8], [10, 11, 11, 11, 11, 11, 11, 11, 8, 8, 10]]
[[0, 11, 11, 11, 11, 11, 11, 11, 8, 9, 10], [11, 1, 11, 11, 11, 11, 11, 11, 11, 11, 11], [11, 11, 2, 11, 11, 11, 11, 11, 11, 11, 11], [11, 11, 11, 3, 11, 11, 11, 11, 11, 11, 11], [11, 11, 11, 11, 4, 11, 11, 11, 11, 11, 11], [11, 11, 11, 11, 11, 5, 11, 11, 11, 11, 11], [11, 11, 11, 11, 11, 11, 6, 11, 11, 11, 11], [11, 11, 11, 11, 11, 11, 11, 7, 11, 11, 11], [8, 11, 11, 11, 11, 11, 11, 11, 8, 8, 8], [9, 11, 11, 11, 11, 11, 11, 11, 8, 8, 8], [10, 11, 11, 11, 11, 11, 11, 11, 8, 8, 8]]
[[0, 11, 11, 11, 11, 11, 11, 11, 8, 9, 10], [11, 1, 11, 11, 11, 11, 11, 11, 11, 11, 11], [11, 11, 2, 11, 11, 11, 11, 11, 11, 11, 11], [11, 11, 11, 3, 11, 11, 11, 11, 11, 11, 11], [11, 11, 11, 11, 4, 11, 11, 11, 11, 11, 11], [11, 11, 11, 11, 11, 5, 11, 11, 11, 11, 11], [11, 11, 11, 11, 11, 11, 6, 11, 11, 11, 11], [11, 11, 11, 11, 11, 11, 11, 7, 11, 11, 11], [8, 11, 11, 11, 11, 11, 11, 11, 8, 8, 8], [9, 11, 11, 11, 11, 11, 11, 11, 8, 8, 8], [10, 11, 11, 11, 11, 11, 11, 11, 8, 8, 9]]
[[0, 11, 11, 11, 11, 11, 11, 11, 8, 9, 10], [11, 1, 11, 11, 11, 11, 11, 11, 11, 11, 11], [11, 11, 2, 11, 11, 11, 11, 11, 11, 11, 11], [11, 11, 11, 3, 11, 11, 11, 11, 11, 11, 11], [11, 11, 11, 11, 4, 11, 11, 11, 11, 11, 11], [11, 11, 11, 11, 11, 5, 11, 11, 11, 11, 11], [11, 11, 11, 11, 11, 11, 6, 11, 11, 11, 11], [11, 11, 11, 11, 11, 11, 11, 7, 11, 11, 11], [8, 11, 11, 11, 11, 11, 11, 11, 8, 8, 8], [9, 11, 11, 11, 11, 11, 11, 11, 8, 8, 8], [10, 11, 11, 11, 11, 11, 11, 11, 8, 9, 10]]
[[0, 11, 11, 11, 11, 11, 11, 11, 8, 9, 10], [11, 1, 11, 11, 11, 11, 11, 11, 11, 11, 11], [11, 11, 2, 11, 11, 11, 11, 11, 11, 11, 11], [11, 11, 11, 3, 11, 11, 11, 11, 11, 11, 11], [11, 11, 11, 11, 4, 11, 11, 11, 11, 11, 11], [11, 11, 11, 11, 11, 5, 11, 11, 11, 11, 11], [11, 11, 11, 11, 11, 11, 6, 11, 11, 11, 11], [11, 11, 11, 11, 11, 11, 11, 7, 11, 11, 11], [8, 11, 11, 11, 11, 11, 11, 11, 8, 8, 8], [9, 11, 11, 11, 11, 11, 11, 11, 8, 8, 9], [10, 11, 11, 11, 11, 11, 11, 11, 8, 8, 10]]
[[0, 11, 11, 11, 11, 11, 11, 11, 8, 9, 10], [11, 1, 11, 11, 11, 11, 11, 11, 11, 11, 11], [11, 11, 2, 11, 11, 11, 11, 11, 11, 11, 11], [11, 11, 11, 3, 11, 11, 11, 11, 11, 11, 11], [11, 11, 11, 11, 4, 11, 11, 11, 11, 11, 11], [11, 11, 11, 11, 11, 5, 11, 11, 11, 11, 11], [11, 11, 11, 11, 11, 11, 6, 11, 11, 11, 11], [11, 11, 11, 11, 11, 11, 11, 7, 11, 11, 11], [8, 11, 11, 11, 11, 11, 11, 11, 8, 8, 8], [9, 11, 11, 11, 11, 11, 11, 11, 8, 8, 9], [10, 11, 11, 11, 11, 11, 11, 11, 8, 9, 10]]
[[0, 11, 11, 11, 11, 11, 11, 11, 8, 9, 10], [11, 1, 11, 11, 11, 11, 11, 11, 11, 11, 11], [11, 11, 2, 11, 11, 11, 11, 11, 11, 11, 11], [11, 11, 11, 3, 11, 11, 11, 11, 11, 11, 11], [11, 11, 11, 11, 4, 11, 11, 11, 11, 11, 11], [11, 11, 11, 11, 11, 5, 11, 11, 11, 11, 11], [11, 11, 11, 11, 11, 11, 6, 11, 11, 11, 11], [11, 11, 11, 11, 11, 11, 11, 7, 11, 11, 11], [8, 11, 11, 11, 11, 11, 11, 11, 8, 8, 8], [9, 11, 11, 11, 11, 11, 11, 11, 8, 9, 10], [10, 11, 11, 11, 11, 11, 11, 11, 10, 10, 10]]
[[0, 11, 11, 11, 11, 11, 11, 11, 8, 9, 10], [11, 1, 11, 11, 11, 11, 11, 11, 11, 11, 11], [11, 11, 2, 11, 11, 11, 11, 11, 11, 11, 11], [11, 11, 11, 3, 11, 11, 11, 11, 11, 11, 11], [11, 11, 11, 11, 4, 11, 11, 11, 11, 11, 11], [11, 11, 11, 11, 11, 5, 11, 11, 11, 11, 11], [11, 11, 11, 11, 11, 11, 6, 11, 11, 11, 11], [11, 11, 11, 11, 11, 11, 11, 7, 11, 11, 11], [8, 11, 11, 11, 11, 11, 11, 11, 8, 8, 8], [9, 11, 11, 11, 11, 11, 11, 11, 8, 9, 10], [10, 11, 11, 11, 11, 11, 11, 11, 8, 10, 9]]
[[0, 11, 11, 11, 11, 11, 11, 11, 8, 9, 10], [11, 1, 11, 11, 11, 11, 11, 11, 11, 11, 11], [11, 11, 2, 11, 11, 11, 11, 11, 11, 11, 11], [11, 11, 11, 3, 11, 11, 11, 11, 11, 11, 11], [11, 11, 11, 11, 4, 11, 11, 11, 11, 11, 11], [11, 11, 11, 11, 11, 5, 11, 11, 11, 11, 11], [11, 11, 11, 11, 11, 11, 6, 11, 11, 11, 11], [11, 11, 11, 11, 11, 11, 11, 7, 11, 11, 11], [8, 11, 11, 11, 11, 11, 11, 11, 8, 8, 8], [9, 11, 11, 11, 11, 11, 11, 11, 8, 9, 10], [10, 11, 11, 11, 11, 11, 11, 11, 8, 9, 10]]
[[0, 11, 11, 11, 11, 11, 11, 11, 8, 9, 10], [11, 1, 11, 11, 11, 11, 11, 11, 11, 11, 11], [11, 11, 2, 11, 11, 11, 11, 11, 11, 11, 11], [11, 11, 11, 3, 11, 11, 11, 11, 11, 11, 11], [11, 11, 11, 11, 4, 11, 11, 11, 11, 11, 11], [11, 11, 11, 11, 11, 5, 11, 11, 11, 11, 11], [11, 11, 11, 11, 11, 11, 6, 11, 11, 11, 11], [11, 11, 11, 11, 11, 11, 11, 7, 11, 11, 11], [8, 11, 11, 11, 11, 11, 11, 11, 8, 8, 8], [9, 11, 11, 11, 11, 11, 11, 11, 8, 9, 8], [10, 11, 11, 11, 11, 11, 11, 11, 10, 10, 10]]
[[0, 11, 11, 11, 11, 11, 11, 11, 8, 9, 10], [11, 1, 11, 11, 11, 11, 11, 11, 11, 11, 11], [11, 11, 2, 11, 11, 11, 11, 11, 11, 11, 11], [11, 11, 11, 3, 11, 11, 11, 11, 11, 11, 11], [11, 11, 11, 11, 4, 11, 11, 11, 11, 11, 11], [11, 11, 11, 11, 11, 5, 11, 11, 11, 11, 11], [11, 11, 11, 11, 11, 11, 6, 11, 11, 11, 11], [11, 11, 11, 11, 11, 11, 11, 7, 11, 11, 11], [8, 11, 11, 11, 11, 11, 11, 11, 8, 8, 8], [9, 11, 11, 11, 11, 11, 11, 11, 8, 9, 8], [10, 11, 11, 11, 11, 11, 11, 11, 8, 8, 10]]
[[0, 11, 11, 11, 11, 11, 11, 11, 8, 9, 10], [11, 1, 11, 11, 11, 11, 11, 11, 11, 11, 11], [11, 11, 2, 11, 11, 11, 11, 11, 11, 11, 11], [11, 11, 11, 3, 11, 11, 11, 11, 11, 11, 11], [11, 11, 11, 11, 4, 11, 11, 11, 11, 11, 11], [11, 11, 11, 11, 11, 5, 11, 11, 11, 11, 11], [11, 11, 11, 11, 11, 11, 6, 11, 11, 11, 11], [11, 11, 11, 11, 11, 11, 11, 7, 11, 11, 11], [8, 11, 11, 11, 11, 11, 11, 11, 8, 8, 8], [9, 11, 11, 11, 11, 11, 11, 11, 8, 9, 9], [10, 11, 11, 11, 11, 11, 11, 11, 8, 10, 10]]
[[0, 11, 11, 11, 11, 11, 11, 11, 8, 9, 10], [11, 1, 11, 11, 11, 11, 11, 11, 11, 11, 11], [11, 11, 2, 11, 11, 11, 11, 11, 11, 11, 11], [11, 11, 11, 3, 11, 11, 11, 11, 11, 11, 11], [11, 11, 11, 11, 4, 11, 11, 11, 11, 11, 11], [11, 11, 11, 11, 11, 5, 11, 11, 11, 11, 11], [11, 11, 11, 11, 11, 11, 6, 11, 11, 11, 11], [11, 11, 11, 11, 11, 11, 11, 7, 11, 11, 11], [8, 11, 11, 11, 11, 11, 11, 11, 8, 8, 8], [9, 11, 11, 11, 11, 11, 11, 11, 8, 9, 9], [10, 11, 11, 11, 11, 11, 11, 11, 8, 9, 10]]
[[0, 11, 11, 11, 11, 11, 11, 11, 8, 9, 10], [11, 1, 11, 11, 11, 11, 11, 11, 11, 11, 11], [11, 11, 2, 11, 11, 11, 11, 11, 11, 11, 11], [11, 11, 11, 3, 11, 11, 11, 11, 11, 11, 11], [11, 11, 11, 11, 4, 11, 11, 11, 11, 11, 11], [11, 11, 11, 11, 11, 5, 11, 11, 11, 11, 11], [11, 11, 11, 11, 11, 11, 6, 11, 11, 11, 11], [11, 11, 11, 11, 11, 11, 11, 7, 11, 11, 11], [8, 11, 11, 11, 11, 11, 11, 11, 8, 8, 8], [9, 11, 11, 11, 11, 11, 11, 11, 8, 9, 9], [10, 11, 11, 11, 11, 11, 11, 11, 8, 9, 9]]
[[0, 11, 11, 11, 11, 11, 11, 11, 8, 9, 10], [11, 1, 11, 11, 11, 11, 11, 11, 11, 11, 11], [11, 11, 2, 11, 11, 11, 11, 11, 11, 11, 11], [11, 11, 11, 3, 11, 11, 11, 11, 11, 11, 11], [11, 11, 11, 11, 4, 11, 11, 11, 11, 11, 11], [11, 11, 11, 11, 11, 5, 11, 11, 11, 11, 11], [11, 11, 11, 11, 11, 11, 6, 11, 11, 11, 11], [11, 11, 11, 11, 11, 11, 11, 7, 11, 11, 11], [8, 11, 11, 11, 11, 11, 11, 11, 8, 8, 8], [9, 11, 11, 11, 11, 11, 11, 11, 9, 9, 9], [10, 11, 11, 11, 11, 11, 11, 11, 10, 10, 10]]
[[0, 11, 11, 11, 11, 11, 11, 11, 8, 9, 10], [11, 1, 11, 11, 11, 11, 11, 11, 11, 11, 11], [11, 11, 2, 11, 11, 11, 11, 11, 11, 11, 11], [11, 11, 11, 3, 11, 11, 11, 11, 11, 11, 11], [11, 11, 11, 11, 4, 11, 11, 11, 11, 11, 11], [11, 11, 11, 11, 11, 5, 11, 11, 11, 11, 11], [11, 11, 11, 11, 11, 11, 6, 11, 11, 11, 11], [11, 11, 11, 11, 11, 11, 11, 7, 11, 11, 11], [8, 11, 11, 11, 11, 11, 11, 11, 8, 9, 10], [11, 9, 11, 11, 11, 11, 11, 11, 11, 11, 11], [11, 10, 11, 11, 11, 11, 11, 11, 11, 11, 11]]
[[0, 11, 11, 11, 11, 11, 11, 11, 8, 9, 10], [11, 1, 11, 11, 11, 11, 11, 11, 11, 11, 11], [11, 11, 2, 11, 11, 11, 11, 11, 11, 11, 11], [11, 11, 11, 3, 11, 11, 11, 11, 11, 11, 11], [11, 11, 11, 11, 4, 11, 11, 11, 11, 11, 11], [11, 11, 11, 11, 11, 5, 11, 11, 11, 11, 11], [11, 11, 11, 11, 11, 11, 6, 11, 11, 11, 11], [11, 11, 11, 11, 11, 11, 11, 7, 11, 11, 11], [8, 11, 11, 11, 11, 11, 11, 11, 8, 9, 10], [11, 9, 11, 11, 11, 11, 11, 11, 11, 11, 11], [11, 11, 10, 11, 11, 11, 11, 11, 11, 11, 11]]
[[0, 11, 11, 11, 11, 11, 11, 11, 8, 9, 10], [11, 1, 11, 11, 11, 11, 11, 11, 11, 11, 11], [11, 11, 2, 11, 11, 11, 11, 11, 11, 11, 11], [11, 11, 11, 3, 11, 11, 11, 11, 11, 11, 11], [11, 11, 11, 11, 4, 11, 11, 11, 11, 11, 11], [11, 11, 11, 11, 11, 5, 11, 11, 11, 11, 11], [11, 11, 11, 11, 11, 11, 6, 11, 11, 11, 11], [11, 11, 11, 11, 11, 11, 11, 7, 11, 11, 11], [8, 11, 11, 11, 11, 11, 11, 11, 8, 9, 10], [9, 11, 11, 11, 11, 11, 11, 11, 8, 9, 10], [10, 11, 11, 11, 11, 11, 11, 11, 8, 9, 10]]
[[0, 11, 11, 11, 11, 11, 11, 11, 8, 9, 10], [11, 1, 11, 11, 11, 11, 11, 11, 11, 11, 11], [11, 11, 2, 11, 11, 11, 11, 11, 11, 11, 11], [11, 11, 11, 3, 11, 11, 11, 11, 11, 11, 11], [11, 11, 11, 11, 4, 11, 11, 11, 11, 11, 11], [11, 11, 11, 11, 11, 5, 11, 11, 11, 11, 11], [11, 11, 11, 11, 11, 11, 6, 11, 11, 11, 11], [11, 11, 11, 11, 11, 11, 11, 7, 11, 11, 11], [8, 11, 11, 11, 11, 11, 11, 11, 8, 9, 10], [9, 11, 11, 11, 11, 11, 11, 11, 8, 9, 10], [11, 10, 11, 11, 11, 11, 11, 11, 11, 11, 11]]
[[0, 11, 11, 11, 11, 11, 11, 11, 8, 9, 10], [11, 1, 11, 11, 11, 11, 11, 11, 11, 11, 11], [11, 11, 2, 11, 11, 11, 11, 11, 11, 11, 11], [11, 11, 11, 3, 11, 11, 11, 11, 11, 11, 11], [11, 11, 11, 11, 4, 11, 11, 11, 11, 11, 11], [11, 11, 11, 11, 11, 5, 11, 11, 11, 11, 11], [11, 11, 11, 11, 11, 11, 6, 11, 11, 11, 11], [11, 11, 11, 11, 11, 11, 11, 7, 11, 11, 11], [8, 11, 11, 11, 11, 11, 11, 11, 8, 9, 10], [9, 11, 11, 11, 11, 11, 11, 11, 9, 10, 8], [10, 11, 11, 11, 11, 11, 11, 11, 10, 8, 9]]
[[0, 11, 11, 11, 11, 11, 11, 11, 8, 9, 10], [11, 1, 11, 11, 11, 11, 11, 11, 11, 11, 11], [11, 11, 2, 11, 11, 11, 11, 11, 11, 11, 11], [11, 11, 11, 3, 11, 11, 11, 11, 11, 11, 11], [11, 11, 11, 11, 4, 11, 11, 11, 11, 11, 11], [11, 11, 11, 11, 11, 5, 11, 11, 11, 11, 11], [11, 11, 11, 11, 11, 11, 6, 11, 11, 11, 11], [11, 11, 11, 11, 11, 11, 11, 7, 11, 11, 11], [8, 11, 11, 11, 11, 11, 11, 11, 8, 9, 10], [9, 11, 11, 11, 11, 11, 11, 11, 9, 8, 10], [11, 10, 11, 11, 11, 11, 11, 11, 11, 11, 11]]
[[0, 11, 11, 11, 11, 11, 11, 11, 8, 9, 10], [11, 1, 11, 11, 11, 11, 11, 11, 11, 11, 11], [11, 11, 2, 11, 11, 11, 11, 11, 11, 11, 11], [11, 11, 11, 3, 11, 11, 11, 11, 11, 11, 11], [11, 11, 11, 11, 4, 11, 11, 11, 11, 11, 11], [11, 11, 11, 11, 11, 5, 11, 11, 11, 11, 11], [11, 11, 11, 11, 11, 11, 6, 11, 11, 11, 11], [11, 11, 11, 11, 11, 11, 11, 7, 11, 11, 11], [8, 11, 11, 11, 11, 11, 11, 11, 8, 9, 9], [11, 9, 11, 11, 11, 11, 11, 11, 11, 11, 11], [11, 10, 11, 11, 11, 11, 11, 11, 11, 11, 11]]
[[0, 11, 11, 11, 11, 11, 11, 11, 8, 9, 10], [11, 1, 11, 11, 11, 11, 11, 11, 11, 11, 11], [11, 11, 2, 11, 11, 11, 11, 11, 11, 11, 11], [11, 11, 11, 3, 11, 11, 11, 11, 11, 11, 11], [11, 11, 11, 11, 4, 11, 11, 11, 11, 11, 11], [11, 11, 11, 11, 11, 5, 11, 11, 11, 11, 11], [11, 11, 11, 11, 11, 11, 6, 11, 11, 11, 11], [11, 11, 11, 11, 11, 11, 11, 7, 11, 11, 11], [8, 11, 11, 11, 11, 11, 11, 11, 8, 9, 9], [9, 11, 11, 11, 11, 11, 11, 11, 9, 8, 8], [10, 11, 11, 11, 11, 11, 11, 11, 9, 8, 8]]
[[0, 11, 11, 11, 11, 11, 11, 11, 8, 9, 10], [11, 1, 11, 11, 11, 11, 11, 11, 11, 11, 11], [11, 11, 2, 11, 11, 11, 11, 11, 11, 11, 11], [11, 11, 11, 3, 11, 11, 11, 11, 11, 11, 11], [11, 11, 11, 11, 4, 11, 11, 11, 11, 11, 11], [11, 11, 11, 11, 11, 5, 11, 11, 11, 11, 11], [11, 11, 11, 11, 11, 11, 6, 11, 11, 11, 11], [11, 11, 11, 11, 11, 11, 11, 7, 11, 11, 11], [8, 11, 11, 11, 11, 11, 11, 11, 9, 0, 10], [9, 11, 11, 11, 11, 11, 11, 11, 0, 8, 10], [11, 10, 11, 11, 11, 11, 11, 11, 11, 11, 11]]
[[0, 11, 11, 11, 11, 11, 11, 11, 8, 9, 11], [11, 1, 11, 11, 11, 11, 11, 11, 11, 11, 10], [11, 11, 2, 11, 11, 11, 11, 11, 11, 11, 11], [11, 11, 11, 3, 11, 11, 11, 11, 11, 11, 11], [11, 11, 11, 11, 4, 11, 11, 11, 11, 11, 11], [11, 11, 11, 11, 11, 5, 11, 11, 11, 11, 11], [11, 11, 11, 11, 11, 11, 6, 11, 11, 11, 11], [11, 11, 11, 11, 11, 11, 11, 7, 11, 11, 11], [11, 11, 8, 11, 11, 11, 11, 11, 11, 11, 11], [11, 11, 11, 9, 11, 11, 11, 11, 11, 11, 11], [11, 10, 11, 11, 11, 11, 11, 11, 11, 11, 10]]
[[0, 11, 11, 11, 11, 11, 11, 11, 8, 9, 11], [11, 1, 11, 11, 11, 11, 11, 11, 11, 11, 10], [11, 11, 2, 11, 11, 11, 11, 11, 11, 11, 11], [11, 11, 11, 3, 11, 11, 11, 11, 11, 11, 11], [11, 11, 11, 11, 4, 11, 11, 11, 11, 11, 11], [11, 11, 11, 11, 11, 5, 11, 11, 11, 11, 11], [11, 11, 11, 11, 11, 11, 6, 11, 11, 11, 11], [11, 11, 11, 11, 11, 11, 11, 7, 11, 11, 11], [11, 11, 8, 11, 11, 11, 11, 11, 11, 11, 11], [11, 11, 11, 9, 11, 11, 11, 11, 11, 11, 11], [11, 10, 11, 11, 11, 11, 11, 11, 11, 11, 1]]
[[0, 11, 11, 11, 11, 11, 11, 11, 8, 9, 11], [11, 1, 11, 11, 11, 11, 11, 11, 11, 11, 10], [11, 11, 2, 11, 11, 11, 11, 11, 11, 11, 11], [11, 11, 11, 3, 11, 11, 11, 11, 11, 11, 11], [11, 11, 11, 11, 4, 11, 11, 11, 11, 11, 11], [11, 11, 11, 11, 11, 5, 11, 11, 11, 11, 11], [11, 11, 11, 11, 11, 11, 6, 11, 11, 11, 11], [11, 11, 11, 11, 11, 11, 11, 7, 11, 11, 11], [11, 11, 8, 11, 11, 11, 11, 11, 11, 11, 11], [11, 11, 11, 9, 11, 11, 11, 11, 11, 11, 11], [11, 11, 10, 11, 11, 11, 11, 11, 11, 11, 11]]
[[0, 11, 11, 11, 11, 11, 11, 11, 8, 9, 11], [11, 1, 11, 11, 11, 11, 11, 11, 11, 11, 10], [11, 11, 2, 11, 11, 11, 11, 11, 11, 11, 11], [11, 11, 11, 3, 11, 11, 11, 11, 11, 11, 11], [11, 11, 11, 11, 4, 11, 11, 11, 11, 11, 11], [11, 11, 11, 11, 11, 5, 11, 11, 11, 11, 11], [11, 11, 11, 11, 11, 11, 6, 11, 11, 11, 11], [11, 11, 11, 11, 11, 11, 11, 7, 11, 11, 11], [11, 11, 8, 11, 11, 11, 11, 11, 11, 11, 11], [11, 11, 11, 9, 11, 11, 11, 11, 11, 11, 11], [11, 11, 11, 11, 10, 11, 11, 11, 11, 11, 11]]
[[0, 11, 11, 11, 11, 11, 11, 11, 8, 9, 11], [11, 1, 11, 11, 11, 11, 11, 11, 11, 11, 10], [11, 11, 2, 11, 11, 11, 11, 11, 11, 11, 11], [11, 11, 11, 3, 11, 11, 11, 11, 11, 11, 11], [11, 11, 11, 11, 4, 11, 11, 11, 11, 11, 11], [11, 11, 11, 11, 11, 5, 11, 11, 11, 11, 11], [11, 11, 11, 11, 11, 11, 6, 11, 11, 11, 11], [11, 11, 11, 11, 11, 11, 11, 7, 11, 11, 11], [11, 11, 8, 11, 11, 11, 11, 11, 11, 11, 11], [11, 11, 9, 11, 11, 11, 11, 11, 11, 11, 11], [11, 10, 11, 11, 11, 11, 11, 11, 11, 11, 10]]
[[0, 11, 11, 11, 11, 11, 11, 11, 8, 9, 11], [11, 1, 11, 11, 11, 11, 11, 11, 11, 11, 10], [11, 11, 2, 11, 11, 11, 11, 11, 11, 11, 11], [11, 11, 11, 3, 11, 11, 11, 11, 11, 11, 11], [11, 11, 11, 11, 4, 11, 11, 11, 11, 11, 11], [11, 11, 11, 11, 11, 5, 11, 11, 11, 11, 11], [11, 11, 11, 11, 11, 11, 6, 11, 11, 11, 11], [11, 11, 11, 11, 11, 11, 11, 7, 11, 11, 11], [11, 11, 8, 11, 11, 11, 11, 11, 11, 11, 11], [11, 11, 9, 11, 11, 11, 11, 11, 11, 11, 11], [11, 10, 11, 11, 11, 11, 11, 11, 11, 11, 1]]
[[0, 11, 11, 11, 11, 11, 11, 11, 8, 9, 11], [11, 1, 11, 11, 11, 11, 11, 11, 11, 11, 10], [11, 11, 2, 11, 11, 11, 11, 11, 11, 11, 11], [11, 11, 11, 3, 11, 11, 11, 11, 11, 11, 11], [11, 11, 11, 11, 4, 11, 11, 11, 11, 11, 11], [11, 11, 11, 11, 11, 5, 11, 11, 11, 11, 11], [11, 11, 11, 11, 11, 11, 6, 11, 11, 11, 11], [11, 11, 11, 11, 11, 11, 11, 7, 11, 11, 11], [11, 11, 8, 11, 11, 11, 11, 11, 11, 11, 11], [11, 11, 9, 11, 11, 11, 11, 11, 11, 11, 11], [11, 11, 10, 11, 11, 11, 11, 11, 11, 11, 11]]
[[0, 11, 11, 11, 11, 11, 11, 11, 8, 9, 11], [11, 1, 11, 11, 11, 11, 11, 11, 11, 11, 10], [11, 11, 2, 11, 11, 11, 11, 11, 11, 11, 11], [11, 11, 11, 3, 11, 11, 11, 11, 11, 11, 11], [11, 11, 11, 11, 4, 11, 11, 11, 11, 11, 11], [11, 11, 11, 11, 11, 5, 11, 11, 11, 11, 11], [11, 11, 11, 11, 11, 11, 6, 11, 11, 11, 11], [11, 11, 11, 11, 11, 11, 11, 7, 11, 11, 11], [11, 11, 8, 11, 11, 11, 11, 11, 11, 11, 11], [11, 11, 9, 11, 11, 11, 11, 11, 11, 11, 11], [11, 11, 11, 10, 11, 11, 11, 11, 11, 11, 11]]
[[0, 11, 11, 11, 11, 11, 11, 11, 8, 9, 11], [11, 1, 11, 11, 11, 11, 11, 11, 11, 11, 10], [11, 11, 2, 11, 11, 11, 11, 11, 11, 11, 11], [11, 11, 11, 3, 11, 11, 11, 11, 11, 11, 11], [11, 11, 11, 11, 4, 11, 11, 11, 11, 11, 11], [11, 11, 11, 11, 11, 5, 11, 11, 11, 11, 11], [11, 11, 11, 11, 11, 11, 6, 11, 11, 11, 11], [11, 11, 11, 11, 11, 11, 11, 7, 11, 11, 11], [11, 8, 11, 11, 11, 11, 11, 11, 11, 11, 8], [11, 11, 9, 11, 11, 11, 11, 11, 11, 11, 11], [11, 10, 11, 11, 11, 11, 11, 11, 11, 11, 10]]
[[0, 11, 11, 11, 11, 11, 11, 11, 8, 9, 11], [11, 1, 11, 11, 11, 11, 11, 11, 11, 11, 10], [11, 11, 2, 11, 11, 11, 11, 11, 11, 11, 11], [11, 11, 11, 3, 11, 11, 11, 11, 11, 11, 11], [11, 11, 11, 11, 4, 11, 11, 11, 11, 11, 11], [11, 11, 11, 11, 11, 5, 11, 11, 11, 11, 11], [11, 11, 11, 11, 11, 11, 6, 11, 11, 11, 11], [11, 11, 11, 11, 11, 11, 11, 7, 11, 11, 11], [11, 8, 11, 11, 11, 11, 11, 11, 11, 11, 8], [11, 11, 9, 11, 11, 11, 11, 11, 11, 11, 11], [11, 10, 11, 11, 11, 11, 11, 11, 11, 11, 1]]
[[0, 11, 11, 11, 11, 11, 11, 11, 8, 9, 11], [11, 1, 11, 11, 11, 11, 11, 11, 11, 11, 10], [11, 11, 2, 11, 11, 11, 11, 11, 11, 11, 11], [11, 11, 11, 3, 11, 11, 11, 11, 11, 11, 11], [11, 11, 11, 11, 4, 11, 11, 11, 11, 11, 11], [11, 11, 11, 11, 11, 5, 11, 11, 11, 11, 11], [11, 11, 11, 11, 11, 11, 6, 11, 11, 11, 11], [11, 11, 11, 11, 11, 11, 11, 7, 11, 11, 11], [11, 8, 11, 11, 11, 11, 11, 11, 11, 11, 8], [11, 9, 11, 11, 11, 11, 11, 11, 11, 11, 8], [11, 10, 11, 11, 11, 11, 11, 11, 11, 11, 10]]
[[0, 11, 11, 11, 11, 11, 11, 11, 8, 9, 11], [11, 1, 11, 11, 11, 11, 11, 11, 11, 11, 10], [11, 11, 2, 11, 11, 11, 11, 11, 11, 11, 11], [11, 11, 11, 3, 11, 11, 11, 11, 11, 11, 11], [11, 11, 11, 11, 4, 11, 11, 11, 11, 11, 11], [11, 11, 11, 11, 11, 5, 11, 11, 11, 11, 11], [11, 11, 11, 11, 11, 11, 6, 11, 11, 11, 11], [11, 11, 11, 11, 11, 11, 11, 7, 11, 11, 11], [11, 8, 11, 11, 11, 11, 11, 11, 11, 11, 8], [11, 9, 11, 11, 11, 11, 11, 11, 11, 11, 9], [11, 10, 11, 11, 11, 11, 11, 11, 11, 11, 10]]
[[0, 11, 11, 11, 11, 11, 11, 11, 8, 9, 11], [11, 1, 11, 11, 11, 11, 11, 11, 11, 11, 10], [11, 11, 2, 11, 11, 11, 11, 11, 11, 11, 11], [11, 11, 11, 3, 11, 11, 11, 11, 11, 11, 11], [11, 11, 11, 11, 4, 11, 11, 11, 11, 11, 11], [11, 11, 11, 11, 11, 5, 11, 11, 11, 11, 11], [11, 11, 11, 11, 11, 11, 6, 11, 11, 11, 11], [11, 11, 11, 11, 11, 11, 11, 7, 11, 11, 11], [11, 8, 11, 11, 11, 11, 11, 11, 11, 11, 8], [11, 9, 11, 11, 11, 11, 11, 11, 11, 11, 9], [11, 10, 11, 11, 11, 11, 11, 11, 11, 11, 1]]
[[0, 11, 11, 11, 11, 11, 11, 11, 8, 9, 11], [11, 1, 11, 11, 11, 11, 11, 11, 11, 11, 10], [11, 11, 2, 11, 11, 11, 11, 11, 11, 11, 11], [11, 11, 11, 3, 11, 11, 11, 11, 11, 11, 11], [11, 11, 11, 11, 4, 11, 11, 11, 11, 11, 11], [11, 11, 11, 11, 11, 5, 11, 11, 11, 11, 11], [11, 11, 11, 11, 11, 11, 6, 11, 11, 11, 11], [11, 11, 11, 11, 11, 11, 11, 7, 11, 11, 11], [11, 8, 11, 11, 11, 11, 11, 11, 11, 11, 9], [11, 11, 9, 11, 11, 11, 11, 11, 11, 11, 11], [11, 11, 10, 11, 11, 11, 11, 11, 11, 11, 11]]
[[0, 11, 11, 11, 11, 11, 11, 11, 8, 9, 11], [11, 1, 11, 11, 11, 11, 11, 11, 11, 11, 10], [11, 11, 2, 11, 11, 11, 11, 11, 11, 11, 11], [11, 11, 11, 3, 11, 11, 11, 11, 11, 11, 11], [11, 11, 11, 11, 4, 11, 11, 11, 11, 11, 11], [11, 11, 11, 11, 11, 5, 11, 11, 11, 11, 11], [11, 11, 11, 11, 11, 11, 6, 11, 11, 11, 11], [11, 11, 11, 11, 11, 11, 11, 7, 11, 11, 11], [11, 8, 11, 11, 11, 11, 11, 11, 11, 11, 9], [11, 9, 11, 11, 11, 11, 11, 11, 11, 11, 8], [11, 10, 11, 11, 11, 11, 11, 11, 11, 11, 1]]
[[0, 11, 11, 11, 11, 11, 11, 11, 8, 9, 11], [11, 1, 11, 11, 11, 11, 11, 11, 11, 11, 10], [11, 11, 2, 11, 11, 11, 11, 11, 11, 11, 11], [11, 11, 11, 3, 11, 11, 11, 11, 11, 11, 11], [11, 11, 11, 11, 4, 11, 11, 11, 11, 11, 11], [11, 11, 11, 11, 11, 5, 11, 11, 11, 11, 11], [11, 11, 11, 11, 11, 11, 6, 11, 11, 11, 11], [11, 11, 11, 11, 11, 11, 11, 7, 11, 11, 11], [8, 11, 11, 11, 11, 11, 11, 11, 0, 9, 11], [11, 11, 9, 11, 11, 11, 11, 11, 11, 11, 11], [11, 10, 11, 11, 11, 11, 11, 11, 11, 11, 10]]
[[0, 11, 11, 11, 11, 11, 11, 11, 8, 9, 11], [11, 1, 11, 11, 11, 11, 11, 11, 11, 11, 10], [11, 11, 2, 11, 11, 11, 11, 11, 11, 11, 11], [11, 11, 11, 3, 11, 11, 11, 11, 11, 11, 11], [11, 11, 11, 11, 4, 11, 11, 11, 11, 11, 11], [11, 11, 11, 11, 11, 5, 11, 11, 11, 11, 11], [11, 11, 11, 11, 11, 11, 6, 11, 11, 11, 11], [11, 11, 11, 11, 11, 11, 11, 7, 11, 11, 11], [8, 11, 11, 11, 11, 11, 11, 11, 0, 9, 11], [11, 11, 9, 11, 11, 11, 11, 11, 11, 11, 11], [11, 10, 11, 11, 11, 11, 11, 11, 11, 11, 1]]
[[0, 11, 11, 11, 11, 11, 11, 11, 8, 9, 11], [11, 1, 11, 11, 11, 11, 11, 11, 11, 11, 10], [11, 11, 2, 11, 11, 11, 11, 11, 11, 11, 11], [11, 11, 11, 3, 11, 11, 11, 11, 11, 11, 11], [11, 11, 11, 11, 4, 11, 11, 11, 11, 11, 11], [11, 11, 11, 11, 11, 5, 11, 11, 11, 11, 11], [11, 11, 11, 11, 11, 11, 6, 11, 11, 11, 11], [11, 11, 11, 11, 11, 11, 11, 7, 11, 11, 11], [8, 11, 11, 11, 11, 11, 11, 11, 0, 9, 11], [11, 11, 9, 11, 11, 11, 11, 11, 11, 11, 11], [11, 11, 10, 11, 11, 11, 11, 11, 11, 11, 11]]
[[0, 11, 11, 11, 11, 11, 11, 11, 8, 9, 11], [11, 1, 11, 11, 11, 11, 11, 11, 11, 11, 10], [11, 11, 2, 11, 11, 11, 11, 11, 11, 11, 11], [11, 11, 11, 3, 11, 11, 11, 11, 11, 11, 11], [11, 11, 11, 11, 4, 11, 11, 11, 11, 11, 11], [11, 11, 11, 11, 11, 5, 11, 11, 11, 11, 11], [11, 11, 11, 11, 11, 11, 6, 11, 11, 11, 11], [11, 11, 11, 11, 11, 11, 11, 7, 11, 11, 11], [8, 11, 11, 11, 11, 11, 11, 11, 0, 9, 11], [11, 11, 9, 11, 11, 11, 11, 11, 11, 11, 11], [11, 11, 11, 10, 11, 11, 11, 11, 11, 11, 11]]
[[0, 11, 11, 11, 11, 11, 11, 11, 8, 9, 11], [11, 1, 11, 11, 11, 11, 11, 11, 11, 11, 10], [11, 11, 2, 11, 11, 11, 11, 11, 11, 11, 11], [11, 11, 11, 3, 11, 11, 11, 11, 11, 11, 11], [11, 11, 11, 11, 4, 11, 11, 11, 11, 11, 11], [11, 11, 11, 11, 11, 5, 11, 11, 11, 11, 11], [11, 11, 11, 11, 11, 11, 6, 11, 11, 11, 11], [11, 11, 11, 11, 11, 11, 11, 7, 11, 11, 11], [8, 11, 11, 11, 11, 11, 11, 11, 0, 9, 11], [11, 9, 11, 11, 11, 11, 11, 11, 11, 11, 9], [11, 10, 11, 11, 11, 11, 11, 11, 11, 11, 10]]
[[0, 11, 11, 11, 11, 11, 11, 11, 8, 9, 11], [11, 1, 11, 11, 11, 11, 11, 11, 11, 11, 10], [11, 11, 2, 11, 11, 11, 11, 11, 11, 11, 11], [11, 11, 11, 3, 11, 11, 11, 11, 11, 11, 11], [11, 11, 11, 11, 4, 11, 11, 11, 11, 11, 11], [11, 11, 11, 11, 11, 5, 11, 11, 11, 11, 11], [11, 11, 11, 11, 11, 11, 6, 11, 11, 11, 11], [11, 11, 11, 11, 11, 11, 11, 7, 11, 11, 11], [8, 11, 11, 11, 11, 11, 11, 11, 0, 9, 11], [11, 9, 11, 11, 11, 11, 11, 11, 11, 11, 9], [11, 10, 11, 11, 11, 11, 11, 11, 11, 11, 1]]
[[0, 11, 11, 11, 11, 11, 11, 11, 8, 9, 11], [11, 1, 11, 11, 11, 11, 11, 11, 11, 11, 10], [11, 11, 2, 11, 11, 11, 11, 11, 11, 11, 11], [11, 11, 11, 3, 11, 11, 11, 11, 11, 11, 11], [11, 11, 11, 11, 4, 11, 11, 11, 11, 11, 11], [11, 11, 11, 11, 11, 5, 11, 11, 11, 11, 11], [11, 11, 11, 11, 11, 11, 6, 11, 11, 11, 11], [11, 11, 11, 11, 11, 11, 11, 7, 11, 11, 11], [8, 11, 11, 11, 11, 11, 11, 11, 0, 9, 11], [9, 11, 11, 11, 11, 11, 11, 11, 9, 9, 11], [10, 11, 11, 11, 11, 11, 11, 11, 10, 10, 11]]
[[0, 11, 11, 11, 11, 11, 11, 11, 8, 9, 11], [11, 1, 11, 11, 11, 11, 11, 11, 11, 11, 10], [11, 11, 2, 11, 11, 11, 11, 11, 11, 11, 11], [11, 11, 11, 3, 11, 11, 11, 11, 11, 11, 11], [11, 11, 11, 11, 4, 11, 11, 11, 11, 11, 11], [11, 11, 11, 11, 11, 5, 11, 11, 11, 11, 11], [11, 11, 11, 11, 11, 11, 6, 11, 11, 11, 11], [11, 11, 11, 11, 11, 11, 11, 7, 11, 11, 11], [8, 11, 11, 11, 11, 11, 11, 11, 0, 9, 11], [9, 11, 11, 11, 11, 11, 11, 11, 9, 9, 11], [11, 10, 11, 11, 11, 11, 11, 11, 11, 11, 10]]
[[0, 11, 11, 11, 11, 11, 11, 11, 8, 9, 11], [11, 1, 11, 11, 11, 11, 11, 11, 11, 11, 10], [11, 11, 2, 11, 11, 11, 11, 11, 11, 11, 11], [11, 11, 11, 3, 11, 11, 11, 11, 11, 11, 11], [11, 11, 11, 11, 4, 11, 11, 11, 11, 11, 11], [11, 11, 11, 11, 11, 5, 11, 11, 11, 11, 11], [11, 11, 11, 11, 11, 11, 6, 11, 11, 11, 11], [11, 11, 11, 11, 11, 11, 11, 7, 11, 11, 11], [8, 11, 11, 11, 11, 11, 11, 11, 0, 9, 11], [9, 11, 11, 11, 11, 11, 11, 11, 9, 9, 11], [11, 10, 11, 11, 11, 11, 11, 11, 11, 11, 1]]
[[0, 11, 11, 11, 11, 11, 11, 11, 8, 9, 11], [11, 1, 11, 11, 11, 11, 11, 11, 11, 11, 10], [11, 11, 2, 11, 11, 11, 11, 11, 11, 11, 11], [11, 11, 11, 3, 11, 11, 11, 11, 11, 11, 11], [11, 11, 11, 11, 4, 11, 11, 11, 11, 11, 11], [11, 11, 11, 11, 11, 5, 11, 11, 11, 11, 11], [11, 11, 11, 11, 11, 11, 6, 11, 11, 11, 11], [11, 11, 11, 11, 11, 11, 11, 7, 11, 11, 11], [8, 11, 11, 11, 11, 11, 11, 11, 0, 9, 11], [9, 11, 11, 11, 11, 11, 11, 11, 9, 9, 11], [11, 11, 10, 11, 11, 11, 11, 11, 11, 11, 11]]
[[0, 11, 11, 11, 11, 11, 11, 11, 8, 9, 11], [11, 1, 11, 11, 11, 11, 11, 11, 11, 11, 10], [11, 11, 2, 11, 11, 11, 11, 11, 11, 11, 11], [11, 11, 11, 3, 11, 11, 11, 11, 11, 11, 11], [11, 11, 11, 11, 4, 11, 11, 11, 11, 11, 11], [11, 11, 11, 11, 11, 5, 11, 11, 11, 11, 11], [11, 11, 11, 11, 11, 11, 6, 11, 11, 11, 11], [11, 11, 11, 11, 11, 11, 11, 7, 11, 11, 11], [8, 11, 11, 11, 11, 11, 11, 11, 8, 8, 11], [9, 11, 11, 11, 11, 11, 11, 11, 8, 8, 11], [10, 11, 11, 11, 11, 11, 11, 11, 10, 10, 11]]
[[0, 11, 11, 11, 11, 11, 11, 11, 8, 9, 11], [11, 1, 11, 11, 11, 11, 11, 11, 11, 11, 10], [11, 11, 2, 11, 11, 11, 11, 11, 11, 11, 11], [11, 11, 11, 3, 11, 11, 11, 11, 11, 11, 11], [11, 11, 11, 11, 4, 11, 11, 11, 11, 11, 11], [11, 11, 11, 11, 11, 5, 11, 11, 11, 11, 11], [11, 11, 11, 11, 11, 11, 6, 11, 11, 11, 11], [11, 11, 11, 11, 11, 11, 11, 7, 11, 11, 11], [8, 11, 11, 11, 11, 11, 11, 11, 8, 8, 11], [9, 11, 11, 11, 11, 11, 11, 11, 8, 8, 11], [11, 10, 11, 11, 11, 11, 11, 11, 11, 11, 10]]
[[0, 11, 11, 11, 11, 11, 11, 11, 8, 9, 11], [11, 1, 11, 11, 11, 11, 11, 11, 11, 11, 10], [11, 11, 2, 11, 11, 11, 11, 11, 11, 11, 11], [11, 11, 11, 3, 11, 11, 11, 11, 11, 11, 11], [11, 11, 11, 11, 4, 11, 11, 11, 11, 11, 11], [11, 11, 11, 11, 11, 5, 11, 11, 11, 11, 11], [11, 11, 11, 11, 11, 11, 6, 11, 11, 11, 11], [11, 11, 11, 11, 11, 11, 11, 7, 11, 11, 11], [8, 11, 11, 11, 11, 11, 11, 11, 8, 8, 11], [9, 11, 11, 11, 11, 11, 11, 11, 8, 8, 11], [11, 10, 11, 11, 11, 11, 11, 11, 11, 11, 1]]
[[0, 11, 11, 11, 11, 11, 11, 11, 8, 9, 11], [11, 1, 11, 11, 11, 11, 11, 11, 11, 11, 10], [11, 11, 2, 11, 11, 11, 11, 11, 11, 11, 11], [11, 11, 11, 3, 11, 11, 11, 11, 11, 11, 11], [11, 11, 11, 11, 4, 11, 11, 11, 11, 11, 11], [11, 11, 11, 11, 11, 5, 11, 11, 11, 11, 11], [11, 11, 11, 11, 11, 11, 6, 11, 11, 11, 11], [11, 11, 11, 11, 11, 11, 11, 7, 11, 11, 11], [8, 11, 11, 11, 11, 11, 11, 11, 8, 8, 11], [9, 11, 11, 11, 11, 11, 11, 11, 8, 8, 11], [11, 11, 10, 11, 11, 11, 11, 11, 11, 11, 11]]
[[0, 11, 11, 11, 11, 11, 11, 11, 8, 9, 11], [11, 1, 11, 11, 11, 11, 11, 11, 11, 11, 10], [11, 11, 2, 11, 11, 11, 11, 11, 11, 11, 11], [11, 11, 11, 3, 11, 11, 11, 11, 11, 11, 11], [11, 11, 11, 11, 4, 11, 11, 11, 11, 11, 11], [11, 11, 11, 11, 11, 5, 11, 11, 11, 11, 11], [11, 11, 11, 11, 11, 11, 6, 11, 11, 11, 11], [11, 11, 11, 11, 11, 11, 11, 7, 11, 11, 11], [8, 11, 11, 11, 11, 11, 11, 11, 8, 8, 11], [9, 11, 11, 11, 11, 11, 11, 11, 8, 9, 11], [10, 11, 11, 11, 11, 11, 11, 11, 10, 10, 11]]
[[0, 11, 11, 11, 11, 11, 11, 11, 8, 9, 11], [11, 1, 11, 11, 11, 11, 11, 11, 11, 11, 10], [11, 11, 2, 11, 11, 11, 11, 11, 11, 11, 11], [11, 11, 11, 3, 11, 11, 11, 11, 11, 11, 11], [11, 11, 11, 11, 4, 11, 11, 11, 11, 11, 11], [11, 11, 11, 11, 11, 5, 11, 11, 11, 11, 11], [11, 11, 11, 11, 11, 11, 6, 11, 11, 11, 11], [11, 11, 11, 11, 11, 11, 11, 7, 11, 11, 11], [8, 11, 11, 11, 11, 11, 11, 11, 8, 8, 11], [9, 11, 11, 11, 11, 11, 11, 11, 8, 9, 11], [11, 10, 11, 11, 11, 11, 11, 11, 11, 11, 10]]
[[0, 11, 11, 11, 11, 11, 11, 11, 8, 9, 11], [11, 1, 11, 11, 11, 11, 11, 11, 11, 11, 10], [11, 11, 2, 11, 11, 11, 11, 11, 11, 11, 11], [11, 11, 11, 3, 11, 11, 11, 11, 11, 11, 11], [11, 11, 11, 11, 4, 11, 11, 11, 11, 11, 11], [11, 11, 11, 11, 11, 5, 11, 11, 11, 11, 11], [11, 11, 11, 11, 11, 11, 6, 11, 11, 11, 11], [11, 11, 11, 11, 11, 11, 11, 7, 11, 11, 11], [8, 11, 11, 11, 11, 11, 11, 11, 8, 8, 11], [9, 11, 11, 11, 11, 11, 11, 11, 8, 9, 11], [11, 10, 11, 11, 11, 11, 11, 11, 11, 11, 1]]
[[0, 11, 11, 11, 11, 11, 11, 11, 8, 9, 11], [11, 1, 11, 11, 11, 11, 11, 11, 11, 11, 10], [11, 11, 2, 11, 11, 11, 11, 11, 11, 11, 11], [11, 11, 11, 3, 11, 11, 11, 11, 11, 11, 11], [11, 11, 11, 11, 4, 11, 11, 11, 11, 11, 11], [11, 11, 11, 11, 11, 5, 11, 11, 11, 11, 11], [11, 11, 11, 11, 11, 11, 6, 11, 11, 11, 11], [11, 11, 11, 11, 11, 11, 11, 7, 11, 11, 11], [8, 11, 11, 11, 11, 11, 11, 11, 8, 8, 11], [9, 11, 11, 11, 11, 11, 11, 11, 8, 9, 11], [11, 11, 10, 11, 11, 11, 11, 11, 11, 11, 11]]
[[0, 11, 11, 11, 11, 11, 11, 11, 8, 9, 11], [11, 1, 11, 11, 11, 11, 11, 11, 11, 11, 10], [11, 11, 2, 11, 11, 11, 11, 11, 11, 11, 11], [11, 11, 11, 3, 11, 11, 11, 11, 11, 11, 11], [11, 11, 11, 11, 4, 11, 11, 11, 11, 11, 11], [11, 11, 11, 11, 11, 5, 11, 11, 11, 11, 11], [11, 11, 11, 11, 11, 11, 6, 11, 11, 11, 11], [11, 11, 11, 11, 11, 11, 11, 7, 11, 11, 11], [8, 11, 11, 11, 11, 11, 11, 11, 8, 8, 11], [9, 11, 11, 11, 11, 11, 11, 11, 9, 9, 11], [10, 11, 11, 11, 11, 11, 11, 11, 10, 10, 11]]
[[0, 11, 11, 11, 11, 11, 11, 11, 8, 9, 11], [11, 1, 11, 11, 11, 11, 11, 11, 11, 11, 10], [11, 11, 2, 11, 11, 11, 11, 11, 11, 11, 11], [11, 11, 11, 3, 11, 11, 11, 11, 11, 11, 11], [11, 11, 11, 11, 4, 11, 11, 11, 11, 11, 11], [11, 11, 11, 11, 11, 5, 11, 11, 11, 11, 11], [11, 11, 11, 11, 11, 11, 6, 11, 11, 11, 11], [11, 11, 11, 11, 11, 11, 11, 7, 11, 11, 11], [8, 11, 11, 11, 11, 11, 11, 11, 8, 8, 11], [9, 11, 11, 11, 11, 11, 11, 11, 9, 9, 11], [11, 10, 11, 11, 11, 11, 11, 11, 11, 11, 10]]
[[0, 11, 11, 11, 11, 11, 11, 11, 8, 9, 11], [11, 1, 11, 11, 11, 11, 11, 11, 11, 11, 10], [11, 11, 2, 11, 11, 11, 11, 11, 11, 11, 11], [11, 11, 11, 3, 11, 11, 11, 11, 11, 11, 11], [11, 11, 11, 11, 4, 11, 11, 11, 11, 11, 11], [11, 11, 11, 11, 11, 5, 11, 11, 11, 11, 11], [11, 11, 11, 11, 11, 11, 6, 11, 11, 11, 11], [11, 11, 11, 11, 11, 11, 11, 7, 11, 11, 11], [8, 11, 11, 11, 11, 11, 11, 11, 8, 8, 11], [9, 11, 11, 11, 11, 11, 11, 11, 9, 9, 11], [11, 10, 11, 11, 11, 11, 11, 11, 11, 11, 1]]
[[0, 11, 11, 11, 11, 11, 11, 11, 8, 9, 11], [11, 1, 11, 11, 11, 11, 11, 11, 11, 11, 10], [11, 11, 2, 11, 11, 11, 11, 11, 11, 11, 11], [11, 11, 11, 3, 11, 11, 11, 11, 11, 11, 11], [11, 11, 11, 11, 4, 11, 11, 11, 11, 11, 11], [11, 11, 11, 11, 11, 5, 11, 11, 11, 11, 11], [11, 11, 11, 11, 11, 11, 6, 11, 11, 11, 11], [11, 11, 11, 11, 11, 11, 11, 7, 11, 11, 11], [8, 11, 11, 11, 11, 11, 11, 11, 8, 8, 11], [9, 11, 11, 11, 11, 11, 11, 11, 9, 9, 11], [11, 11, 10, 11, 11, 11, 11, 11, 11, 11, 11]]
[[0, 11, 11, 11, 11, 11, 11, 11, 8, 9, 11], [11, 1, 11, 11, 11, 11, 11, 11, 11, 11, 10], [11, 11, 2, 11, 11, 11, 11, 11, 11, 11, 11], [11, 11, 11, 3, 11, 11, 11, 11, 11, 11, 11], [11, 11, 11, 11, 4, 11, 11, 11, 11, 11, 11], [11, 11, 11, 11, 11, 5, 11, 11, 11, 11, 11], [11, 11, 11, 11, 11, 11, 6, 11, 11, 11, 11], [11, 11, 11, 11, 11, 11, 11, 7, 11, 11, 11], [8, 11, 11, 11, 11, 11, 11, 11, 8, 9, 11], [11, 11, 9, 11, 11, 11, 11, 11, 11, 11, 11], [11, 10, 11, 11, 11, 11, 11, 11, 11, 11, 10]]
[[0, 11, 11, 11, 11, 11, 11, 11, 8, 9, 11], [11, 1, 11, 11, 11, 11, 11, 11, 11, 11, 10], [11, 11, 2, 11, 11, 11, 11, 11, 11, 11, 11], [11, 11, 11, 3, 11, 11, 11, 11, 11, 11, 11], [11, 11, 11, 11, 4, 11, 11, 11, 11, 11, 11], [11, 11, 11, 11, 11, 5, 11, 11, 11, 11, 11], [11, 11, 11, 11, 11, 11, 6, 11, 11, 11, 11], [11, 11, 11, 11, 11, 11, 11, 7, 11, 11, 11], [8, 11, 11, 11, 11, 11, 11, 11, 8, 9, 11], [11, 11, 9, 11, 11, 11, 11, 11, 11, 11, 11], [11, 10, 11, 11, 11, 11, 11, 11, 11, 11, 1]]
[[0, 11, 11, 11, 11, 11, 11, 11, 8, 9, 11], [11, 1, 11, 11, 11, 11, 11, 11, 11, 11, 10], [11, 11, 2, 11, 11, 11, 11, 11, 11, 11, 11], [11, 11, 11, 3, 11, 11, 11, 11, 11, 11, 11], [11, 11, 11, 11, 4, 11, 11, 11, 11, 11, 11], [11, 11, 11, 11, 11, 5, 11, 11, 11, 11, 11], [11, 11, 11, 11, 11, 11, 6, 11, 11, 11, 11], [11, 11, 11, 11, 11, 11, 11, 7, 11, 11, 11], [8, 11, 11, 11, 11, 11, 11, 11, 8, 9, 11], [11, 11, 9, 11, 11, 11, 11, 11, 11, 11, 11], [11, 11, 10, 11, 11, 11, 11, 11, 11, 11, 11]]
[[0, 11, 11, 11, 11, 11, 11, 11, 8, 9, 11], [11, 1, 11, 11, 11, 11, 11, 11, 11, 11, 10], [11, 11, 2, 11, 11, 11, 11, 11, 11, 11, 11], [11, 11, 11, 3, 11, 11, 11, 11, 11, 11, 11], [11, 11, 11, 11, 4, 11, 11, 11, 11, 11, 11], [11, 11, 11, 11, 11, 5, 11, 11, 11, 11, 11], [11, 11, 11, 11, 11, 11, 6, 11, 11, 11, 11], [11, 11, 11, 11, 11, 11, 11, 7, 11, 11, 11], [8, 11, 11, 11, 11, 11, 11, 11, 8, 9, 11], [11, 11, 9, 11, 11, 11, 11, 11, 11, 11, 11], [11, 11, 11, 10, 11, 11, 11, 11, 11, 11, 11]]
[[0, 11, 11, 11, 11, 11, 11, 11, 8, 9, 11], [11, 1, 11, 11, 11, 11, 11, 11, 11, 11, 10], [11, 11, 2, 11, 11, 11, 11, 11, 11, 11, 11], [11, 11, 11, 3, 11, 11, 11, 11, 11, 11, 11], [11, 11, 11, 11, 4, 11, 11, 11, 11, 11, 11], [11, 11, 11, 11, 11, 5, 11, 11, 11, 11, 11], [11, 11, 11, 11, 11, 11, 6, 11, 11, 11, 11], [11, 11, 11, 11, 11, 11, 11, 7, 11, 11, 11], [8, 11, 11, 11, 11, 11, 11, 11, 8, 9, 11], [11, 9, 11, 11, 11, 11, 11, 11, 11, 11, 8], [10, 11, 11, 11, 11, 11, 11, 11, 10, 1, 11]]
[[0, 11, 11, 11, 11, 11, 11, 11, 8, 9, 11], [11, 1, 11, 11, 11, 11, 11, 11, 11, 11, 10], [11, 11, 2, 11, 11, 11, 11, 11, 11, 11, 11], [11, 11, 11, 3, 11, 11, 11, 11, 11, 11, 11], [11, 11, 11, 11, 4, 11, 11, 11, 11, 11, 11], [11, 11, 11, 11, 11, 5, 11, 11, 11, 11, 11], [11, 11, 11, 11, 11, 11, 6, 11, 11, 11, 11], [11, 11, 11, 11, 11, 11, 11, 7, 11, 11, 11], [8, 11, 11, 11, 11, 11, 11, 11, 8, 9, 11], [11, 9, 11, 11, 11, 11, 11, 11, 11, 11, 9], [11, 10, 11, 11, 11, 11, 11, 11, 11, 11, 10]]
[[0, 11, 11, 11, 11, 11, 11, 11, 8, 9, 11], [11, 1, 11, 11, 11, 11, 11, 11, 11, 11, 10], [11, 11, 2, 11, 11, 11, 11, 11, 11, 11, 11], [11, 11, 11, 3, 11, 11, 11, 11, 11, 11, 11], [11, 11, 11, 11, 4, 11, 11, 11, 11, 11, 11], [11, 11, 11, 11, 11, 5, 11, 11, 11, 11, 11], [11, 11, 11, 11, 11, 11, 6, 11, 11, 11, 11], [11, 11, 11, 11, 11, 11, 11, 7, 11, 11, 11], [8, 11, 11, 11, 11, 11, 11, 11, 8, 9, 11], [11, 9, 11, 11, 11, 11, 11, 11, 11, 11, 9], [11, 10, 11, 11, 11, 11, 11, 11, 11, 11, 1]]
[[0, 11, 11, 11, 11, 11, 11, 11, 8, 9, 11], [11, 1, 11, 11, 11, 11, 11, 11, 11, 11, 10], [11, 11, 2, 11, 11, 11, 11, 11, 11, 11, 11], [11, 11, 11, 3, 11, 11, 11, 11, 11, 11, 11], [11, 11, 11, 11, 4, 11, 11, 11, 11, 11, 11], [11, 11, 11, 11, 11, 5, 11, 11, 11, 11, 11], [11, 11, 11, 11, 11, 11, 6, 11, 11, 11, 11], [11, 11, 11, 11, 11, 11, 11, 7, 11, 11, 11], [8, 11, 11, 11, 11, 11, 11, 11, 8, 9, 11], [9, 11, 11, 11, 11, 11, 11, 11, 8, 9, 11], [10, 11, 11, 11, 11, 11, 11, 11, 10, 10, 11]]
[[0, 11, 11, 11, 11, 11, 11, 11, 8, 9, 11], [11, 1, 11, 11, 11, 11, 11, 11, 11, 11, 10], [11, 11, 2, 11, 11, 11, 11, 11, 11, 11, 11], [11, 11, 11, 3, 11, 11, 11, 11, 11, 11, 11], [11, 11, 11, 11, 4, 11, 11, 11, 11, 11, 11], [11, 11, 11, 11, 11, 5, 11, 11, 11, 11, 11], [11, 11, 11, 11, 11, 11, 6, 11, 11, 11, 11], [11, 11, 11, 11, 11, 11, 11, 7, 11, 11, 11], [8, 11, 11, 11, 11, 11, 11, 11, 8, 9, 11], [9, 11, 11, 11, 11, 11, 11, 11, 8, 9, 11], [11, 10, 11, 11, 11, 11, 11, 11, 11, 11, 10]]
[[0, 11, 11, 11, 11, 11, 11, 11, 8, 9, 11], [11, 1, 11, 11, 11, 11, 11, 11, 11, 11, 10], [11, 11, 2, 11, 11, 11, 11, 11, 11, 11, 11], [11, 11, 11, 3, 11, 11, 11, 11, 11, 11, 11], [11, 11, 11, 11, 4, 11, 11, 11, 11, 11, 11], [11, 11, 11, 11, 11, 5, 11, 11, 11, 11, 11], [11, 11, 11, 11, 11, 11, 6, 11, 11, 11, 11], [11, 11, 11, 11, 11, 11, 11, 7, 11, 11, 11], [8, 11, 11, 11, 11, 11, 11, 11, 8, 9, 11], [9, 11, 11, 11, 11, 11, 11, 11, 8, 9, 11], [11, 10, 11, 11, 11, 11, 11, 11, 11, 11, 1]]
[[0, 11, 11, 11, 11, 11, 11, 11, 8, 9, 11], [11, 1, 11, 11, 11, 11, 11, 11, 11, 11, 10], [11, 11, 2, 11, 11, 11, 11, 11, 11, 11, 11], [11, 11, 11, 3, 11, 11, 11, 11, 11, 11, 11], [11, 11, 11, 11, 4, 11, 11, 11, 11, 11, 11], [11, 11, 11, 11, 11, 5, 11, 11, 11, 11, 11], [11, 11, 11, 11, 11, 11, 6, 11, 11, 11, 11], [11, 11, 11, 11, 11, 11, 11, 7, 11, 11, 11], [8, 11, 11, 11, 11, 11, 11, 11, 8, 9, 11], [9, 11, 11, 11, 11, 11, 11, 11, 8, 9, 11], [11, 11, 10, 11, 11, 11, 11, 11, 11, 11, 11]]
[[0, 11, 11, 11, 11, 11, 11, 11, 8, 9, 11], [11, 1, 11, 11, 11, 11, 11, 11, 11, 11, 10], [11, 11, 2, 11, 11, 11, 11, 11, 11, 11, 11], [11, 11, 11, 3, 11, 11, 11, 11, 11, 11, 11], [11, 11, 11, 11, 4, 11, 11, 11, 11, 11, 11], [11, 11, 11, 11, 11, 5, 11, 11, 11, 11, 11], [11, 11, 11, 11, 11, 11, 6, 11, 11, 11, 11], [11, 11, 11, 11, 11, 11, 11, 7, 11, 11, 11], [8, 11, 11, 11, 11, 11, 11, 11, 8, 9, 11], [9, 11, 11, 11, 11, 11, 11, 11, 9, 8, 11], [10, 11, 11, 11, 11, 11, 11, 11, 10, 10, 11]]
[[0, 11, 11, 11, 11, 11, 11, 11, 8, 9, 11], [11, 1, 11, 11, 11, 11, 11, 11, 11, 11, 10], [11, 11, 2, 11, 11, 11, 11, 11, 11, 11, 11], [11, 11, 11, 3, 11, 11, 11, 11, 11, 11, 11], [11, 11, 11, 11, 4, 11, 11, 11, 11, 11, 11], [11, 11, 11, 11, 11, 5, 11, 11, 11, 11, 11], [11, 11, 11, 11, 11, 11, 6, 11, 11, 11, 11], [11, 11, 11, 11, 11, 11, 11, 7, 11, 11, 11], [8, 11, 11, 11, 11, 11, 11, 11, 8, 9, 11], [9, 11, 11, 11, 11, 11, 11, 11, 9, 8, 11], [11, 10, 11, 11, 11, 11, 11, 11, 11, 11, 10]]
[[0, 11, 11, 11, 11, 11, 11, 11, 8, 9, 11], [11, 1, 11, 11, 11, 11, 11, 11, 11, 11, 10], [11, 11, 2, 11, 11, 11, 11, 11, 11, 11, 11], [11, 11, 11, 3, 11, 11, 11, 11, 11, 11, 11], [11, 11, 11, 11, 4, 11, 11, 11, 11, 11, 11], [11, 11, 11, 11, 11, 5, 11, 11, 11, 11, 11], [11, 11, 11, 11, 11, 11, 6, 11, 11, 11, 11], [11, 11, 11, 11, 11, 11, 11, 7, 11, 11, 11], [8, 11, 11, 11, 11, 11, 11, 11, 8, 9, 11], [9, 11, 11, 11, 11, 11, 11, 11, 9, 8, 11], [11, 10, 11, 11, 11, 11, 11, 11, 11, 11, 1]]
[[0, 11, 11, 11, 11, 11, 11, 11, 8, 9, 11], [11, 1, 11, 11, 11, 11, 11, 11, 11, 11, 10], [11, 11, 2, 11, 11, 11, 11, 11, 11, 11, 11], [11, 11, 11, 3, 11, 11, 11, 11, 11, 11, 11], [11, 11, 11, 11, 4, 11, 11, 11, 11, 11, 11], [11, 11, 11, 11, 11, 5, 11, 11, 11, 11, 11], [11, 11, 11, 11, 11, 11, 6, 11, 11, 11, 11], [11, 11, 11, 11, 11, 11, 11, 7, 11, 11, 11], [8, 11, 11, 11, 11, 11, 11, 11, 8, 9, 11], [9, 11, 11, 11, 11, 11, 11, 11, 9, 8, 11], [11, 11, 10, 11, 11, 11, 11, 11, 11, 11, 11]]
[[0, 11, 11, 11, 11, 11, 11, 11, 8, 9, 11], [11, 1, 11, 11, 11, 11, 11, 11, 11, 11, 10], [11, 11, 2, 11, 11, 11, 11, 11, 11, 11, 11], [11, 11, 11, 3, 11, 11, 11, 11, 11, 11, 11], [11, 11, 11, 11, 4, 11, 11, 11, 11, 11, 11], [11, 11, 11, 11, 11, 5, 11, 11, 11, 11, 11], [11, 11, 11, 11, 11, 11, 6, 11, 11, 11, 11], [11, 11, 11, 11, 11, 11, 11, 7, 11, 11, 11], [8, 11, 11, 11, 11, 11, 11, 11, 9, 0, 11], [9, 11, 11, 11, 11, 11, 11, 11, 0, 8, 11], [10, 11, 11, 11, 11, 11, 11, 11, 10, 10, 11]]
[[0, 11, 11, 11, 11, 11, 11, 11, 8, 9, 11], [11, 1, 11, 11, 11, 11, 11, 11, 11, 11, 10], [11, 11, 2, 11, 11, 11, 11, 11, 11, 11, 11], [11, 11, 11, 3, 11, 11, 11, 11, 11, 11, 11], [11, 11, 11, 11, 4, 11, 11, 11, 11, 11, 11], [11, 11, 11, 11, 11, 5, 11, 11, 11, 11, 11], [11, 11, 11, 11, 11, 11, 6, 11, 11, 11, 11], [11, 11, 11, 11, 11, 11, 11, 7, 11, 11, 11], [8, 11, 11, 11, 11, 11, 11, 11, 9, 0, 11], [9, 11, 11, 11, 11, 11, 11, 11, 0, 8, 11], [11, 10, 11, 11, 11, 11, 11, 11, 11, 11, 10]]
[[0, 11, 11, 11, 11, 11, 11, 11, 8, 9, 11], [11, 1, 11, 11, 11, 11, 11, 11, 11, 11, 10], [11, 11, 2, 11, 11, 11, 11, 11, 11, 11, 11], [11, 11, 11, 3, 11, 11, 11, 11, 11, 11, 11], [11, 11, 11, 11, 4, 11, 11, 11, 11, 11, 11], [11, 11, 11, 11, 11, 5, 11, 11, 11, 11, 11], [11, 11, 11, 11, 11, 11, 6, 11, 11, 11, 11], [11, 11, 11, 11, 11, 11, 11, 7, 11, 11, 11], [8, 11, 11, 11, 11, 11, 11, 11, 9, 0, 11], [9, 11, 11, 11, 11, 11, 11, 11, 0, 8, 11], [11, 10, 11, 11, 11, 11, 11, 11, 11, 11, 1]]
[[0, 11, 11, 11, 11, 11, 11, 11, 8, 9, 11], [11, 1, 11, 11, 11, 11, 11, 11, 11, 11, 10], [11, 11, 2, 11, 11, 11, 11, 11, 11, 11, 11], [11, 11, 11, 3, 11, 11, 11, 11, 11, 11, 11], [11, 11, 11, 11, 4, 11, 11, 11, 11, 11, 11], [11, 11, 11, 11, 11, 5, 11, 11, 11, 11, 11], [11, 11, 11, 11, 11, 11, 6, 11, 11, 11, 11], [11, 11, 11, 11, 11, 11, 11, 7, 11, 11, 11], [8, 11, 11, 11, 11, 11, 11, 11, 9, 0, 11], [9, 11, 11, 11, 11, 11, 11, 11, 0, 8, 11], [11, 11, 10, 11, 11, 11, 11, 11, 11, 11, 11]]
