[[0, 9, 9, 9, 9, 9, 6, 7, 8], [9, 1, 9, 9, 9, 9, 9, 9, 9], [9, 9, 2, 9, 9, 9, 9, 9, 9], [9, 9, 9, 3, 9, 9, 9, 9, 9], [9, 9, 9, 9, 4, 9, 9, 9, 9], [9, 9, 9, 9, 9, 5, 9, 9, 9], [6, 9, 9, 9, 9, 9, 0, 7, 8], [7, 9, 9, 9, 9, 9, 7, 7, 7], [8, 9, 9, 9, 9, 9, 8, 7, 7]]
[[0, 9, 9, 9, 9, 9, 6, 7, 8], [9, 1, 9, 9, 9, 9, 9, 9, 9], [9, 9, 2, 9, 9, 9, 9, 9, 9], [9, 9, 9, 3, 9, 9, 9, 9, 9], [9, 9, 9, 9, 4, 9, 9, 9, 9], [9, 9, 9, 9, 9, 5, 9, 9, 9], [6, 9, 9, 9, 9, 9, 0, 7, 8], [7, 9, 9, 9, 9, 9, 7, 7, 7], [8, 9, 9, 9, 9, 9, 8, 7, 8]]
[[0, 9, 9, 9, 9, 9, 6, 7, 8], [9, 1, 9, 9, 9, 9, 9, 9, 9], [9, 9, 2, 9, 9, 9, 9, 9, 9], [9, 9, 9, 3, 9, 9, 9, 9, 9], [9, 9, 9, 9, 4, 9, 9, 9, 9], [9, 9, 9, 9, 9, 5, 9, 9, 9], [6, 9, 9, 9, 9, 9, 0, 7, 8], [7, 9, 9, 9, 9, 9, 7, 7, 7], [8, 9, 9, 9, 9, 9, 8, 8, 8]]
[[0, 9, 9, 9, 9, 9, 6, 7, 8], [9, 1, 9, 9, 9, 9, 9, 9, 9], [9, 9, 2, 9, 9, 9, 9, 9, 9], [9, 9, 9, 3, 9, 9, 9, 9, 9], [9, 9, 9, 9, 4, 9, 9, 9, 9], [9, 9, 9, 9, 9, 5, 9, 9, 9], [6, 9, 9, 9, 9, 9, 0, 7, 8], [7, 9, 9, 9, 9, 9, 7, 7, 8], [8, 9, 9, 9, 9, 9, 8, 7, 8]]
[[0, 9, 9, 9, 9, 9, 6, 7, 8], [9, 1, 9, 9, 9, 9, 9, 9, 9], [9, 9, 2, 9, 9, 9, 9, 9, 9], [9, 9, 9, 3, 9, 9, 9, 9, 9], [9, 9, 9, 9, 4, 9, 9, 9, 9], [9, 9, 9, 9, 9, 5, 9, 9, 9], [6, 9, 9, 9, 9, 9, 0, 7, 8], [7, 9, 9, 9, 9, 9, 7, 7, 8], [8, 9, 9, 9, 9, 9, 8, 8, 7]]
[[0, 9, 9, 9, 9, 9, 6, 7, 8], [9, 1, 9, 9, 9, 9, 9, 9, 9], [9, 9, 2, 9, 9, 9, 9, 9, 9], [9, 9, 9, 3, 9, 9, 9, 9, 9], [9, 9, 9, 9, 4, 9, 9, 9, 9], [9, 9, 9, 9, 9, 5, 9, 9, 9], [6, 9, 9, 9, 9, 9, 0, 7, 8], [7, 9, 9, 9, 9, 9, 7, 7, 8], [9, 8, 9, 9, 9, 9, 9, 9, 9]]
[[0, 9, 9, 9, 9, 9, 6, 7, 8], [9, 1, 9, 9, 9, 9, 9, 9, 9], [9, 9, 2, 9, 9, 9, 9, 9, 9], [9, 9, 9, 3, 9, 9, 9, 9, 9], [9, 9, 9, 9, 4, 9, 9, 9, 9], [9, 9, 9, 9, 9, 5, 9, 9, 9], [6, 9, 9, 9, 9, 9, 0, 7, 8], [7, 9, 9, 9, 9, 9, 8, 7, 8], [8, 9, 9, 9, 9, 9, 7, 7, 8]]
[[0, 9, 9, 9, 9, 9, 6, 7, 8], [9, 1, 9, 9, 9, 9, 9, 9, 9], [9, 9, 2, 9, 9, 9, 9, 9, 9], [9, 9, 9, 3, 9, 9, 9, 9, 9], [9, 9, 9, 9, 4, 9, 9, 9, 9], [9, 9, 9, 9, 9, 5, 9, 9, 9], [6, 9, 9, 9, 9, 9, 0, 7, 8], [9, 7, 9, 9, 9, 9, 9, 9, 9], [9, 8, 9, 9, 9, 9, 9, 9, 9]]
[[0, 9, 9, 9, 9, 9, 6, 7, 8], [9, 1, 9, 9, 9, 9, 9, 9, 9], [9, 9, 2, 9, 9, 9, 9, 9, 9], [9, 9, 9, 3, 9, 9, 9, 9, 9], [9, 9, 9, 9, 4, 9, 9, 9, 9], [9, 9, 9, 9, 9, 5, 9, 9, 9], [6, 9, 9, 9, 9, 9, 0, 7, 8], [9, 7, 9, 9, 9, 9, 9, 9, 9], [9, 9, 8, 9, 9, 9, 9, 9, 9]]
[[0, 9, 9, 9, 9, 9, 6, 7, 8], [9, 1, 9, 9, 9, 9, 9, 9, 9], [9, 9, 2, 9, 9, 9, 9, 9, 9], [9, 9, 9, 3, 9, 9, 9, 9, 9], [9, 9, 9, 9, 4, 9, 9, 9, 9], [9, 9, 9, 9, 9, 5, 9, 9, 9], [6, 9, 9, 9, 9, 9, 0, 8, 7], [7, 9, 9, 9, 9, 9, 7, 7, 7], [8, 9, 9, 9, 9, 9, 8, 8, 8]]
[[0, 9, 9, 9, 9, 9, 6, 7, 8], [9, 1, 9, 9, 9, 9, 9, 9, 9], [9, 9, 2, 9, 9, 9, 9, 9, 9], [9, 9, 9, 3, 9, 9, 9, 9, 9], [9, 9, 9, 9, 4, 9, 9, 9, 9], [9, 9, 9, 9, 9, 5, 9, 9, 9], [6, 9, 9, 9, 9, 9, 0, 8, 7], [7, 9, 9, 9, 9, 9, 8, 0, 6], [8, 9, 9, 9, 9, 9, 7, 6, 0]]
[[0, 9, 9, 9, 9, 9, 6, 7, 8], [9, 1, 9, 9, 9, 9, 9, 9, 9], [9, 9, 2, 9, 9, 9, 9, 9, 9], [9, 9, 9, 3, 9, 9, 9, 9, 9], [9, 9, 9, 9, 4, 9, 9, 9, 9], [9, 9, 9, 9, 9, 5, 9, 9, 9], [6, 9, 9, 9, 9, 9, 0, 8, 7], [7, 9, 9, 9, 9, 9, 8, 6, 0], [8, 9, 9, 9, 9, 9, 7, 0, 6]]
[[0, 9, 9, 9, 9, 9, 6, 7, 8], [9, 1, 9, 9, 9, 9, 9, 9, 9], [9, 9, 2, 9, 9, 9, 9, 9, 9], [9, 9, 9, 3, 9, 9, 9, 9, 9], [9, 9, 9, 9, 4, 9, 9, 9, 9], [9, 9, 9, 9, 9, 5, 9, 9, 9], [6, 9, 9, 9, 9, 9, 0, 8, 7], [7, 9, 9, 9, 9, 9, 8, 7, 8], [8, 9, 9, 9, 9, 9, 7, 8, 7]]
[[0, 9, 9, 9, 9, 9, 6, 7, 8], [9, 1, 9, 9, 9, 9, 9, 9, 9], [9, 9, 2, 9, 9, 9, 9, 9, 9], [9, 9, 9, 3, 9, 9, 9, 9, 9], [9, 9, 9, 9, 4, 9, 9, 9, 9], [9, 9, 9, 9, 9, 5, 9, 9, 9], [6, 9, 9, 9, 9, 9, 0, 8, 7], [9, 7, 9, 9, 9, 9, 9, 9, 9], [9, 8, 9, 9, 9, 9, 9, 9, 9]]
[[0, 9, 9, 9, 9, 9, 6, 7, 8], [9, 1, 9, 9, 9, 9, 9, 9, 9], [9, 9, 2, 9, 9, 9, 9, 9, 9], [9, 9, 9, 3, 9, 9, 9, 9, 9], [9, 9, 9, 9, 4, 9, 9, 9, 9], [9, 9, 9, 9, 9, 5, 9, 9, 9], [6, 9, 9, 9, 9, 9, 6, 6, 6], [7, 9, 9, 9, 9, 9, 6, 6, 6], [8, 9, 9, 9, 9, 9, 6, 6, 6]]
[[0, 9, 9, 9, 9, 9, 6, 7, 8], [9, 1, 9, 9, 9, 9, 9, 9, 9], [9, 9, 2, 9, 9, 9, 9, 9, 9], [9, 9, 9, 3, 9, 9, 9, 9, 9], [9, 9, 9, 9, 4, 9, 9, 9, 9], [9, 9, 9, 9, 9, 5, 9, 9, 9], [6, 9, 9, 9, 9, 9, 6, 6, 6], [7, 9, 9, 9, 9, 9, 6, 6, 6], [8, 9, 9, 9, 9, 9, 6, 6, 7]]
[[0, 9, 9, 9, 9, 9, 6, 7, 8], [9, 1, 9, 9, 9, 9, 9, 9, 9], [9, 9, 2, 9, 9, 9, 9, 9, 9], [9, 9, 9, 3, 9, 9, 9, 9, 9], [9, 9, 9, 9, 4, 9, 9, 9, 9], [9, 9, 9, 9, 9, 5, 9, 9, 9], [6, 9, 9, 9, 9, 9, 6, 6, 6], [7, 9, 9, 9, 9, 9, 6, 6, 6], [8, 9, 9, 9, 9, 9, 6, 6, 8]]
[[0, 9, 9, 9, 9, 9, 6, 7, 8], [9, 1, 9, 9, 9, 9, 9, 9, 9], [9, 9, 2, 9, 9, 9, 9, 9, 9], [9, 9, 9, 3, 9, 9, 9, 9, 9], [9, 9, 9, 9, 4, 9, 9, 9, 9], [9, 9, 9, 9, 9, 5, 9, 9, 9], [6, 9, 9, 9, 9, 9, 6, 6, 6], [7, 9, 9, 9, 9, 9, 6, 6, 6], [8, 9, 9, 9, 9, 9, 6, 7, 8]]
[[0, 9, 9, 9, 9, 9, 6, 7, 8], [9, 1, 9, 9, 9, 9, 9, 9, 9], [9, 9, 2, 9, 9, 9, 9, 9, 9], [9, 9, 9, 3, 9, 9, 9, 9, 9], [9, 9, 9, 9, 4, 9, 9, 9, 9], [9, 9, 9, 9, 9, 5, 9, 9, 9], [6, 9, 9, 9, 9, 9, 6, 6, 6], [7, 9, 9, 9, 9, 9, 6, 6, 6], [8, 9, 9, 9, 9, 9, 8, 8, 8]]
[[0, 9, 9, 9, 9, 9, 6, 7, 8], [9, 1, 9, 9, 9, 9, 9, 9, 9], [9, 9, 2, 9, 9, 9, 9, 9, 9], [9, 9, 9, 3, 9, 9, 9, 9, 9], [9, 9, 9, 9, 4, 9, 9, 9, 9], [9, 9, 9, 9, 9, 5, 9, 9, 9], [6, 9, 9, 9, 9, 9, 6, 6, 6], [7, 9, 9, 9, 9, 9, 6, 6, 7], [8, 9, 9, 9, 9, 9, 6, 6, 8]]
[[0, 9, 9, 9, 9, 9, 6, 7, 8], [9, 1, 9, 9, 9, 9, 9, 9, 9], [9, 9, 2, 9, 9, 9, 9, 9, 9], [9, 9, 9, 3, 9, 9, 9, 9, 9], [9, 9, 9, 9, 4, 9, 9, 9, 9], [9, 9, 9, 9, 9, 5, 9, 9, 9], [6, 9, 9, 9, 9, 9, 6, 6, 6], [7, 9, 9, 9, 9, 9, 6, 6, 7], [8, 9, 9, 9, 9, 9, 6, 7, 8]]
[[0, 9, 9, 9, 9, 9, 6, 7, 8], [9, 1, 9, 9, 9, 9, 9, 9, 9], [9, 9, 2, 9, 9, 9, 9, 9, 9], [9, 9, 9, 3, 9, 9, 9, 9, 9], [9, 9, 9, 9, 4, 9, 9, 9, 9], [9, 9, 9, 9, 9, 5, 9, 9, 9], [6, 9, 9, 9, 9, 9, 6, 6, 6], [7, 9, 9, 9, 9, 9, 6, 7, 6], [8, 9, 9, 9, 9, 9, 6, 6, 8]]
[[0, 9, 9, 9, 9, 9, 6, 7, 8], [9, 1, 9, 9, 9, 9, 9, 9, 9], [9, 9, 2, 9, 9, 9, 9, 9, 9], [9, 9, 9, 3, 9, 9, 9, 9, 9], [9, 9, 9, 9, 4, 9, 9, 9, 9], [9, 9, 9, 9, 9, 5, 9, 9, 9], [6, 9, 9, 9, 9, 9, 6, 6, 6], [7, 9, 9, 9, 9, 9, 6, 7, 6], [8, 9, 9, 9, 9, 9, 8, 8, 8]]
[[0, 9, 9, 9, 9, 9, 6, 7, 8], [9, 1, 9, 9, 9, 9, 9, 9, 9], [9, 9, 2, 9, 9, 9, 9, 9, 9], [9, 9, 9, 3, 9, 9, 9, 9, 9], [9, 9, 9, 9, 4, 9, 9, 9, 9], [9, 9, 9, 9, 9, 5, 9, 9, 9], [6, 9, 9, 9, 9, 9, 6, 6, 6], [7, 9, 9, 9, 9, 9, 6, 7, 7], [8, 9, 9, 9, 9, 9, 6, 7, 7]]
[[0, 9, 9, 9, 9, 9, 6, 7, 8], [9, 1, 9, 9, 9, 9, 9, 9, 9], [9, 9, 2, 9, 9, 9, 9, 9, 9], [9, 9, 9, 3, 9, 9, 9, 9, 9], [9, 9, 9, 9, 4, 9, 9, 9, 9], [9, 9, 9, 9, 9, 5, 9, 9, 9], [6, 9, 9, 9, 9, 9, 6, 6, 6], [7, 9, 9, 9, 9, 9, 6, 7, 7], [8, 9, 9, 9, 9, 9, 6, 7, 8]]
[[0, 9, 9, 9, 9, 9, 6, 7, 8], [9, 1, 9, 9, 9, 9, 9, 9, 9], [9, 9, 2, 9, 9, 9, 9, 9, 9], [9, 9, 9, 3, 9, 9, 9, 9, 9], [9, 9, 9, 9, 4, 9, 9, 9, 9], [9, 9, 9, 9, 9, 5, 9, 9, 9], [6, 9, 9, 9, 9, 9, 6, 6, 6], [7, 9, 9, 9, 9, 9, 6, 7, 7], [8, 9, 9, 9, 9, 9, 6, 8, 8]]
[[0, 9, 9, 9, 9, 9, 6, 7, 8], [9, 1, 9, 9, 9, 9, 9, 9, 9], [9, 9, 2, 9, 9, 9, 9, 9, 9], [9, 9, 9, 3, 9, 9, 9, 9, 9], [9, 9, 9, 9, 4, 9, 9, 9, 9], [9, 9, 9, 9, 9, 5, 9, 9, 9], [6, 9, 9, 9, 9, 9, 6, 6, 6], [7, 9, 9, 9, 9, 9, 6, 7, 8], [8, 9, 9, 9, 9, 9, 6, 7, 8]]
[[0, 9, 9, 9, 9, 9, 6, 7, 8], [9, 1, 9, 9, 9, 9, 9, 9, 9], [9, 9, 2, 9, 9, 9, 9, 9, 9], [9, 9, 9, 3, 9, 9, 9, 9, 9], [9, 9, 9, 9, 4, 9, 9, 9, 9], [9, 9, 9, 9, 9, 5, 9, 9, 9], [6, 9, 9, 9, 9, 9, 6, 6, 6], [7, 9, 9, 9, 9, 9, 6, 7, 8], [8, 9, 9, 9, 9, 9, 6, 8, 7]]
[[0, 9, 9, 9, 9, 9, 6, 7, 8], [9, 1, 9, 9, 9, 9, 9, 9, 9], [9, 9, 2, 9, 9, 9, 9, 9, 9], [9, 9, 9, 3, 9, 9, 9, 9, 9], [9, 9, 9, 9, 4, 9, 9, 9, 9], [9, 9, 9, 9, 9, 5, 9, 9, 9], [6, 9, 9, 9, 9, 9, 6, 6, 6], [7, 9, 9, 9, 9, 9, 6, 7, 8], [8, 9, 9, 9, 9, 9, 8, 8, 8]]
[[0, 9, 9, 9, 9, 9, 6, 7, 8], [9, 1, 9, 9, 9, 9, 9, 9, 9], [9, 9, 2, 9, 9, 9, 9, 9, 9], [9, 9, 9, 3, 9, 9, 9, 9, 9], [9, 9, 9, 9, 4, 9, 9, 9, 9], [9, 9, 9, 9, 9, 5, 9, 9, 9], [6, 9, 9, 9, 9, 9, 6, 6, 6], [7, 9, 9, 9, 9, 9, 6, 8, 0], [8, 9, 9, 9, 9, 9, 6, 0, 7]]
[[0, 9, 9, 9, 9, 9, 6, 7, 8], [9, 1, 9, 9, 9, 9, 9, 9, 9], [9, 9, 2, 9, 9, 9, 9, 9, 9], [9, 9, 9, 3, 9, 9, 9, 9, 9], [9, 9, 9, 9, 4, 9, 9, 9, 9], [9, 9, 9, 9, 9, 5, 9, 9, 9], [6, 9, 9, 9, 9, 9, 6, 6, 6], [7, 9, 9, 9, 9, 9, 7, 7, 7], [8, 9, 9, 9, 9, 9, 8, 8, 8]]
[[0, 9, 9, 9, 9, 9, 6, 7, 8], [9, 1, 9, 9, 9, 9, 9, 9, 9], [9, 9, 2, 9, 9, 9, 9, 9, 9], [9, 9, 9, 3, 9, 9, 9, 9, 9], [9, 9, 9, 9, 4, 9, 9, 9, 9], [9, 9, 9, 9, 9, 5, 9, 9, 9], [6, 9, 9, 9, 9, 9, 6, 6, 8], [7, 9, 9, 9, 9, 9, 6, 6, 8], [8, 9, 9, 9, 9, 9, 6, 6, 8]]
[[0, 9, 9, 9, 9, 9, 6, 7, 8], [9, 1, 9, 9, 9, 9, 9, 9, 9], [9, 9, 2, 9, 9, 9, 9, 9, 9], [9, 9, 9, 3, 9, 9, 9, 9, 9], [9, 9, 9, 9, 4, 9, 9, 9, 9], [9, 9, 9, 9, 9, 5, 9, 9, 9], [6, 9, 9, 9, 9, 9, 6, 6, 8], [7, 9, 9, 9, 9, 9, 6, 6, 8], [8, 9, 9, 9, 9, 9, 8, 8, 6]]
[[0, 9, 9, 9, 9, 9, 6, 7, 8], [9, 1, 9, 9, 9, 9, 9, 9, 9], [9, 9, 2, 9, 9, 9, 9, 9, 9], [9, 9, 9, 3, 9, 9, 9, 9, 9], [9, 9, 9, 9, 4, 9, 9, 9, 9], [9, 9, 9, 9, 9, 5, 9, 9, 9], [6, 9, 9, 9, 9, 9, 6, 6, 8], [7, 9, 9, 9, 9, 9, 6, 6, 8], [9, 8, 9, 9, 9, 9, 9, 9, 9]]
[[0, 9, 9, 9, 9, 9, 6, 7, 8], [9, 1, 9, 9, 9, 9, 9, 9, 9], [9, 9, 2, 9, 9, 9, 9, 9, 9], [9, 9, 9, 3, 9, 9, 9, 9, 9], [9, 9, 9, 9, 4, 9, 9, 9, 9], [9, 9, 9, 9, 9, 5, 9, 9, 9], [6, 9, 9, 9, 9, 9, 6, 6, 8], [7, 9, 9, 9, 9, 9, 6, 7, 8], [8, 9, 9, 9, 9, 9, 6, 6, 8]]
[[0, 9, 9, 9, 9, 9, 6, 7, 8], [9, 1, 9, 9, 9, 9, 9, 9, 9], [9, 9, 2, 9, 9, 9, 9, 9, 9], [9, 9, 9, 3, 9, 9, 9, 9, 9], [9, 9, 9, 9, 4, 9, 9, 9, 9], [9, 9, 9, 9, 9, 5, 9, 9, 9], [6, 9, 9, 9, 9, 9, 6, 6, 8], [7, 9, 9, 9, 9, 9, 6, 7, 8], [8, 9, 9, 9, 9, 9, 6, 8, 8]]
[[0, 9, 9, 9, 9, 9, 6, 7, 8], [9, 1, 9, 9, 9, 9, 9, 9, 9], [9, 9, 2, 9, 9, 9, 9, 9, 9], [9, 9, 9, 3, 9, 9, 9, 9, 9], [9, 9, 9, 9, 4, 9, 9, 9, 9], [9, 9, 9, 9, 9, 5, 9, 9, 9], [6, 9, 9, 9, 9, 9, 6, 6, 8], [7, 9, 9, 9, 9, 9, 6, 7, 8], [8, 9, 9, 9, 9, 9, 8, 8, 6]]
[[0, 9, 9, 9, 9, 9, 6, 7, 8], [9, 1, 9, 9, 9, 9, 9, 9, 9], [9, 9, 2, 9, 9, 9, 9, 9, 9], [9, 9, 9, 3, 9, 9, 9, 9, 9], [9, 9, 9, 9, 4, 9, 9, 9, 9], [9, 9, 9, 9, 9, 5, 9, 9, 9], [6, 9, 9, 9, 9, 9, 6, 6, 8], [7, 9, 9, 9, 9, 9, 6, 7, 8], [9, 8, 9, 9, 9, 9, 9, 9, 9]]
[[0, 9, 9, 9, 9, 9, 6, 7, 8], [9, 1, 9, 9, 9, 9, 9, 9, 9], [9, 9, 2, 9, 9, 9, 9, 9, 9], [9, 9, 9, 3, 9, 9, 9, 9, 9], [9, 9, 9, 9, 4, 9, 9, 9, 9], [9, 9, 9, 9, 9, 5, 9, 9, 9], [6, 9, 9, 9, 9, 9, 6, 6, 8], [7, 9, 9, 9, 9, 9, 7, 7, 8], [9, 8, 9, 9, 9, 9, 9, 9, 9]]
[[0, 9, 9, 9, 9, 9, 6, 7, 8], [9, 1, 9, 9, 9, 9, 9, 9, 9], [9, 9, 2, 9, 9, 9, 9, 9, 9], [9, 9, 9, 3, 9, 9, 9, 9, 9], [9, 9, 9, 9, 4, 9, 9, 9, 9], [9, 9, 9, 9, 9, 5, 9, 9, 9], [6, 9, 9, 9, 9, 9, 6, 7, 7], [7, 9, 9, 9, 9, 9, 7, 6, 6], [8, 9, 9, 9, 9, 9, 7, 6, 6]]
[[0, 9, 9, 9, 9, 9, 6, 7, 8], [9, 1, 9, 9, 9, 9, 9, 9, 9], [9, 9, 2, 9, 9, 9, 9, 9, 9], [9, 9, 9, 3, 9, 9, 9, 9, 9], [9, 9, 9, 9, 4, 9, 9, 9, 9], [9, 9, 9, 9, 9, 5, 9, 9, 9], [6, 9, 9, 9, 9, 9, 6, 7, 7], [9, 7, 9, 9, 9, 9, 9, 9, 9], [9, 8, 9, 9, 9, 9, 9, 9, 9]]
[[0, 9, 9, 9, 9, 9, 6, 7, 8], [9, 1, 9, 9, 9, 9, 9, 9, 9], [9, 9, 2, 9, 9, 9, 9, 9, 9], [9, 9, 9, 3, 9, 9, 9, 9, 9], [9, 9, 9, 9, 4, 9, 9, 9, 9], [9, 9, 9, 9, 9, 5, 9, 9, 9], [6, 9, 9, 9, 9, 9, 6, 7, 8], [7, 9, 9, 9, 9, 9, 6, 7, 8], [8, 9, 9, 9, 9, 9, 6, 7, 8]]
[[0, 9, 9, 9, 9, 9, 6, 7, 8], [9, 1, 9, 9, 9, 9, 9, 9, 9], [9, 9, 2, 9, 9, 9, 9, 9, 9], [9, 9, 9, 3, 9, 9, 9, 9, 9], [9, 9, 9, 9, 4, 9, 9, 9, 9], [9, 9, 9, 9, 9, 5, 9, 9, 9], [6, 9, 9, 9, 9, 9, 6, 7, 8], [7, 9, 9, 9, 9, 9, 6, 7, 8], [9, 8, 9, 9, 9, 9, 9, 9, 9]]
[[0, 9, 9, 9, 9, 9, 6, 7, 8], [9, 1, 9, 9, 9, 9, 9, 9, 9], [9, 9, 2, 9, 9, 9, 9, 9, 9], [9, 9, 9, 3, 9, 9, 9, 9, 9], [9, 9, 9, 9, 4, 9, 9, 9, 9], [9, 9, 9, 9, 9, 5, 9, 9, 9], [6, 9, 9, 9, 9, 9, 6, 7, 8], [7, 9, 9, 9, 9, 9, 7, 6, 8], [9, 8, 9, 9, 9, 9, 9, 9, 9]]
[[0, 9, 9, 9, 9, 9, 6, 7, 8], [9, 1, 9, 9, 9, 9, 9, 9, 9], [9, 9, 2, 9, 9, 9, 9, 9, 9], [9, 9, 9, 3, 9, 9, 9, 9, 9], [9, 9, 9, 9, 4, 9, 9, 9, 9], [9, 9, 9, 9, 9, 5, 9, 9, 9], [6, 9, 9, 9, 9, 9, 6, 7, 8], [7, 9, 9, 9, 9, 9, 7, 8, 6], [8, 9, 9, 9, 9, 9, 8, 6, 7]]
[[0, 9, 9, 9, 9, 9, 6, 7, 8], [9, 1, 9, 9, 9, 9, 9, 9, 9], [9, 9, 2, 9, 9, 9, 9, 9, 9], [9, 9, 9, 3, 9, 9, 9, 9, 9], [9, 9, 9, 9, 4, 9, 9, 9, 9], [9, 9, 9, 9, 9, 5, 9, 9, 9], [6, 9, 9, 9, 9, 9, 6, 7, 8], [9, 7, 9, 9, 9, 9, 9, 9, 9], [9, 8, 9, 9, 9, 9, 9, 9, 9]]
[[0, 9, 9, 9, 9, 9, 6, 7, 8], [9, 1, 9, 9, 9, 9, 9, 9, 9], [9, 9, 2, 9, 9, 9, 9, 9, 9], [9, 9, 9, 3, 9, 9, 9, 9, 9], [9, 9, 9, 9, 4, 9, 9, 9, 9], [9, 9, 9, 9, 9, 5, 9, 9, 9], [6, 9, 9, 9, 9, 9, 6, 7, 8], [9, 7, 9, 9, 9, 9, 9, 9, 9], [9, 9, 8, 9, 9, 9, 9, 9, 9]]
[[0, 9, 9, 9, 9, 9, 6, 7, 8], [9, 1, 9, 9, 9, 9, 9, 9, 9], [9, 9, 2, 9, 9, 9, 9, 9, 9], [9, 9, 9, 3, 9, 9, 9, 9, 9], [9, 9, 9, 9, 4, 9, 9, 9, 9], [9, 9, 9, 9, 9, 5, 9, 9, 9], [6, 9, 9, 9, 9, 9, 7, 0, 8], [7, 9, 9, 9, 9, 9, 0, 6, 8], [9, 8, 9, 9, 9, 9, 9, 9, 9]]
[[0, 9, 9, 9, 9, 9, 6, 7, 8], [9, 1, 9, 9, 9, 9, 9, 9, 9], [9, 9, 2, 9, 9, 9, 9, 9, 9], [9, 9, 9, 3, 9, 9, 9, 9, 9], [9, 9, 9, 9, 4, 9, 9, 9, 9], [9, 9, 9, 9, 9, 5, 9, 9, 9], [9, 6, 9, 9, 9, 9, 9, 9, 9], [9, 7, 9, 9, 9, 9, 9, 9, 9], [9, 8, 9, 9, 9, 9, 9, 9, 9]]
[[0, 9, 9, 9, 9, 9, 6, 7, 8], [9, 1, 9, 9, 9, 9, 9, 9, 9], [9, 9, 2, 9, 9, 9, 9, 9, 9], [9, 9, 9, 3, 9, 9, 9, 9, 9], [9, 9, 9, 9, 4, 9, 9, 9, 9], [9, 9, 9, 9, 9, 5, 9, 9, 9], [9, 6, 9, 9, 9, 9, 9, 9, 9], [9, 7, 9, 9, 9, 9, 9, 9, 9], [9, 9, 8, 9, 9, 9, 9, 9, 9]]
[[0, 9, 9, 9, 9, 9, 6, 7, 8], [9, 1, 9, 9, 9, 9, 9, 9, 9], [9, 9, 2, 9, 9, 9, 9, 9, 9], [9, 9, 9, 3, 9, 9, 9, 9, 9], [9, 9, 9, 9, 4, 9, 9, 9, 9], [9, 9, 9, 9, 9, 5, 9, 9, 9], [9, 6, 9, 9, 9, 9, 9, 9, 9], [9, 9, 7, 9, 9, 9, 9, 9, 9], [9, 9, 9, 8, 9, 9, 9, 9, 9]]
[[0, 9, 9, 9, 9, 9, 6, 7, 9], [9, 1, 9, 9, 9, 9, 9, 9, 8], [9, 9, 2, 9, 9, 9, 9, 9, 9], [9, 9, 9, 3, 9, 9, 9, 9, 9], [9, 9, 9, 9, 4, 9, 9, 9, 9], [9, 9, 9, 9, 9, 5, 9, 9, 9], [6, 9, 9, 9, 9, 9, 0, 7, 9], [7, 9, 9, 9, 9, 9, 7, 7, 9], [8, 9, 9, 9, 9, 9, 8, 8, 9]]
[[0, 9, 9, 9, 9, 9, 6, 7, 9], [9, 1, 9, 9, 9, 9, 9, 9, 8], [9, 9, 2, 9, 9, 9, 9, 9, 9], [9, 9, 9, 3, 9, 9, 9, 9, 9], [9, 9, 9, 9, 4, 9, 9, 9, 9], [9, 9, 9, 9, 9, 5, 9, 9, 9], [6, 9, 9, 9, 9, 9, 0, 7, 9], [7, 9, 9, 9, 9, 9, 7, 7, 9], [9, 8, 9, 9, 9, 9, 9, 9, 1]]
[[0, 9, 9, 9, 9, 9, 6, 7, 9], [9, 1, 9, 9, 9, 9, 9, 9, 8], [9, 9, 2, 9, 9, 9, 9, 9, 9], [9, 9, 9, 3, 9, 9, 9, 9, 9], [9, 9, 9, 9, 4, 9, 9, 9, 9], [9, 9, 9, 9, 9, 5, 9, 9, 9], [6, 9, 9, 9, 9, 9, 0, 7, 9], [7, 9, 9, 9, 9, 9, 7, 7, 9], [9, 8, 9, 9, 9, 9, 9, 9, 8]]
[[0, 9, 9, 9, 9, 9, 6, 7, 9], [9, 1, 9, 9, 9, 9, 9, 9, 8], [9, 9, 2, 9, 9, 9, 9, 9, 9], [9, 9, 9, 3, 9, 9, 9, 9, 9], [9, 9, 9, 9, 4, 9, 9, 9, 9], [9, 9, 9, 9, 9, 5, 9, 9, 9], [6, 9, 9, 9, 9, 9, 0, 7, 9], [7, 9, 9, 9, 9, 9, 7, 7, 9], [9, 9, 8, 9, 9, 9, 9, 9, 9]]
[[0, 9, 9, 9, 9, 9, 6, 7, 9], [9, 1, 9, 9, 9, 9, 9, 9, 8], [9, 9, 2, 9, 9, 9, 9, 9, 9], [9, 9, 9, 3, 9, 9, 9, 9, 9], [9, 9, 9, 9, 4, 9, 9, 9, 9], [9, 9, 9, 9, 9, 5, 9, 9, 9], [6, 9, 9, 9, 9, 9, 0, 7, 9], [9, 7, 9, 9, 9, 9, 9, 9, 7], [9, 8, 9, 9, 9, 9, 9, 9, 1]]
[[0, 9, 9, 9, 9, 9, 6, 7, 9], [9, 1, 9, 9, 9, 9, 9, 9, 8], [9, 9, 2, 9, 9, 9, 9, 9, 9], [9, 9, 9, 3, 9, 9, 9, 9, 9], [9, 9, 9, 9, 4, 9, 9, 9, 9], [9, 9, 9, 9, 9, 5, 9, 9, 9], [6, 9, 9, 9, 9, 9, 0, 7, 9], [9, 7, 9, 9, 9, 9, 9, 9, 7], [9, 8, 9, 9, 9, 9, 9, 9, 8]]
[[0, 9, 9, 9, 9, 9, 6, 7, 9], [9, 1, 9, 9, 9, 9, 9, 9, 8], [9, 9, 2, 9, 9, 9, 9, 9, 9], [9, 9, 9, 3, 9, 9, 9, 9, 9], [9, 9, 9, 9, 4, 9, 9, 9, 9], [9, 9, 9, 9, 9, 5, 9, 9, 9], [6, 9, 9, 9, 9, 9, 0, 7, 9], [9, 9, 7, 9, 9, 9, 9, 9, 9], [9, 8, 9, 9, 9, 9, 9, 9, 1]]
[[0, 9, 9, 9, 9, 9, 6, 7, 9], [9, 1, 9, 9, 9, 9, 9, 9, 8], [9, 9, 2, 9, 9, 9, 9, 9, 9], [9, 9, 9, 3, 9, 9, 9, 9, 9], [9, 9, 9, 9, 4, 9, 9, 9, 9], [9, 9, 9, 9, 9, 5, 9, 9, 9], [6, 9, 9, 9, 9, 9, 0, 7, 9], [9, 9, 7, 9, 9, 9, 9, 9, 9], [9, 8, 9, 9, 9, 9, 9, 9, 8]]
[[0, 9, 9, 9, 9, 9, 6, 7, 9], [9, 1, 9, 9, 9, 9, 9, 9, 8], [9, 9, 2, 9, 9, 9, 9, 9, 9], [9, 9, 9, 3, 9, 9, 9, 9, 9], [9, 9, 9, 9, 4, 9, 9, 9, 9], [9, 9, 9, 9, 9, 5, 9, 9, 9], [6, 9, 9, 9, 9, 9, 0, 7, 9], [9, 9, 7, 9, 9, 9, 9, 9, 9], [9, 9, 8, 9, 9, 9, 9, 9, 9]]
[[0, 9, 9, 9, 9, 9, 6, 7, 9], [9, 1, 9, 9, 9, 9, 9, 9, 8], [9, 9, 2, 9, 9, 9, 9, 9, 9], [9, 9, 9, 3, 9, 9, 9, 9, 9], [9, 9, 9, 9, 4, 9, 9, 9, 9], [9, 9, 9, 9, 9, 5, 9, 9, 9], [6, 9, 9, 9, 9, 9, 0, 7, 9], [9, 9, 7, 9, 9, 9, 9, 9, 9], [9, 9, 9, 8, 9, 9, 9, 9, 9]]
[[0, 9, 9, 9, 9, 9, 6, 7, 9], [9, 1, 9, 9, 9, 9, 9, 9, 8], [9, 9, 2, 9, 9, 9, 9, 9, 9], [9, 9, 9, 3, 9, 9, 9, 9, 9], [9, 9, 9, 9, 4, 9, 9, 9, 9], [9, 9, 9, 9, 9, 5, 9, 9, 9], [6, 9, 9, 9, 9, 9, 6, 6, 9], [7, 9, 9, 9, 9, 9, 6, 6, 9], [8, 9, 9, 9, 9, 9, 8, 8, 9]]
[[0, 9, 9, 9, 9, 9, 6, 7, 9], [9, 1, 9, 9, 9, 9, 9, 9, 8], [9, 9, 2, 9, 9, 9, 9, 9, 9], [9, 9, 9, 3, 9, 9, 9, 9, 9], [9, 9, 9, 9, 4, 9, 9, 9, 9], [9, 9, 9, 9, 9, 5, 9, 9, 9], [6, 9, 9, 9, 9, 9, 6, 6, 9], [7, 9, 9, 9, 9, 9, 6, 6, 9], [9, 8, 9, 9, 9, 9, 9, 9, 1]]
[[0, 9, 9, 9, 9, 9, 6, 7, 9], [9, 1, 9, 9, 9, 9, 9, 9, 8], [9, 9, 2, 9, 9, 9, 9, 9, 9], [9, 9, 9, 3, 9, 9, 9, 9, 9], [9, 9, 9, 9, 4, 9, 9, 9, 9], [9, 9, 9, 9, 9, 5, 9, 9, 9], [6, 9, 9, 9, 9, 9, 6, 6, 9], [7, 9, 9, 9, 9, 9, 6, 6, 9], [9, 8, 9, 9, 9, 9, 9, 9, 8]]
[[0, 9, 9, 9, 9, 9, 6, 7, 9], [9, 1, 9, 9, 9, 9, 9, 9, 8], [9, 9, 2, 9, 9, 9, 9, 9, 9], [9, 9, 9, 3, 9, 9, 9, 9, 9], [9, 9, 9, 9, 4, 9, 9, 9, 9], [9, 9, 9, 9, 9, 5, 9, 9, 9], [6, 9, 9, 9, 9, 9, 6, 6, 9], [7, 9, 9, 9, 9, 9, 6, 6, 9], [9, 9, 8, 9, 9, 9, 9, 9, 9]]
[[0, 9, 9, 9, 9, 9, 6, 7, 9], [9, 1, 9, 9, 9, 9, 9, 9, 8], [9, 9, 2, 9, 9, 9, 9, 9, 9], [9, 9, 9, 3, 9, 9, 9, 9, 9], [9, 9, 9, 9, 4, 9, 9, 9, 9], [9, 9, 9, 9, 9, 5, 9, 9, 9], [6, 9, 9, 9, 9, 9, 6, 6, 9], [7, 9, 9, 9, 9, 9, 6, 7, 9], [8, 9, 9, 9, 9, 9, 8, 8, 9]]
[[0, 9, 9, 9, 9, 9, 6, 7, 9], [9, 1, 9, 9, 9, 9, 9, 9, 8], [9, 9, 2, 9, 9, 9, 9, 9, 9], [9, 9, 9, 3, 9, 9, 9, 9, 9], [9, 9, 9, 9, 4, 9, 9, 9, 9], [9, 9, 9, 9, 9, 5, 9, 9, 9], [6, 9, 9, 9, 9, 9, 6, 6, 9], [7, 9, 9, 9, 9, 9, 6, 7, 9], [9, 8, 9, 9, 9, 9, 9, 9, 1]]
[[0, 9, 9, 9, 9, 9, 6, 7, 9], [9, 1, 9, 9, 9, 9, 9, 9, 8], [9, 9, 2, 9, 9, 9, 9, 9, 9], [9, 9, 9, 3, 9, 9, 9, 9, 9], [9, 9, 9, 9, 4, 9, 9, 9, 9], [9, 9, 9, 9, 9, 5, 9, 9, 9], [6, 9, 9, 9, 9, 9, 6, 6, 9], [7, 9, 9, 9, 9, 9, 6, 7, 9], [9, 8, 9, 9, 9, 9, 9, 9, 8]]
[[0, 9, 9, 9, 9, 9, 6, 7, 9], [9, 1, 9, 9, 9, 9, 9, 9, 8], [9, 9, 2, 9, 9, 9, 9, 9, 9], [9, 9, 9, 3, 9, 9, 9, 9, 9], [9, 9, 9, 9, 4, 9, 9, 9, 9], [9, 9, 9, 9, 9, 5, 9, 9, 9], [6, 9, 9, 9, 9, 9, 6, 6, 9], [7, 9, 9, 9, 9, 9, 6, 7, 9], [9, 9, 8, 9, 9, 9, 9, 9, 9]]
[[0, 9, 9, 9, 9, 9, 6, 7, 9], [9, 1, 9, 9, 9, 9, 9, 9, 8], [9, 9, 2, 9, 9, 9, 9, 9, 9], [9, 9, 9, 3, 9, 9, 9, 9, 9], [9, 9, 9, 9, 4, 9, 9, 9, 9], [9, 9, 9, 9, 9, 5, 9, 9, 9], [6, 9, 9, 9, 9, 9, 6, 6, 9], [7, 9, 9, 9, 9, 9, 7, 7, 9], [8, 9, 9, 9, 9, 9, 8, 8, 9]]
[[0, 9, 9, 9, 9, 9, 6, 7, 9], [9, 1, 9, 9, 9, 9, 9, 9, 8], [9, 9, 2, 9, 9, 9, 9, 9, 9], [9, 9, 9, 3, 9, 9, 9, 9, 9], [9, 9, 9, 9, 4, 9, 9, 9, 9], [9, 9, 9, 9, 9, 5, 9, 9, 9], [6, 9, 9, 9, 9, 9, 6, 6, 9], [7, 9, 9, 9, 9, 9, 7, 7, 9], [9, 8, 9, 9, 9, 9, 9, 9, 1]]
[[0, 9, 9, 9, 9, 9, 6, 7, 9], [9, 1, 9, 9, 9, 9, 9, 9, 8], [9, 9, 2, 9, 9, 9, 9, 9, 9], [9, 9, 9, 3, 9, 9, 9, 9, 9], [9, 9, 9, 9, 4, 9, 9, 9, 9], [9, 9, 9, 9, 9, 5, 9, 9, 9], [6, 9, 9, 9, 9, 9, 6, 6, 9], [7, 9, 9, 9, 9, 9, 7, 7, 9], [9, 8, 9, 9, 9, 9, 9, 9, 8]]
[[0, 9, 9, 9, 9, 9, 6, 7, 9], [9, 1, 9, 9, 9, 9, 9, 9, 8], [9, 9, 2, 9, 9, 9, 9, 9, 9], [9, 9, 9, 3, 9, 9, 9, 9, 9], [9, 9, 9, 9, 4, 9, 9, 9, 9], [9, 9, 9, 9, 9, 5, 9, 9, 9], [6, 9, 9, 9, 9, 9, 6, 6, 9], [7, 9, 9, 9, 9, 9, 7, 7, 9], [9, 9, 8, 9, 9, 9, 9, 9, 9]]
[[0, 9, 9, 9, 9, 9, 6, 7, 9], [9, 1, 9, 9, 9, 9, 9, 9, 8], [9, 9, 2, 9, 9, 9, 9, 9, 9], [9, 9, 9, 3, 9, 9, 9, 9, 9], [9, 9, 9, 9, 4, 9, 9, 9, 9], [9, 9, 9, 9, 9, 5, 9, 9, 9], [6, 9, 9, 9, 9, 9, 6, 7, 9], [7, 9, 9, 9, 9, 9, 6, 7, 9], [8, 9, 9, 9, 9, 9, 8, 8, 9]]
[[0, 9, 9, 9, 9, 9, 6, 7, 9], [9, 1, 9, 9, 9, 9, 9, 9, 8], [9, 9, 2, 9, 9, 9, 9, 9, 9], [9, 9, 9, 3, 9, 9, 9, 9, 9], [9, 9, 9, 9, 4, 9, 9, 9, 9], [9, 9, 9, 9, 9, 5, 9, 9, 9], [6, 9, 9, 9, 9, 9, 6, 7, 9], [7, 9, 9, 9, 9, 9, 6, 7, 9], [9, 8, 9, 9, 9, 9, 9, 9, 1]]
[[0, 9, 9, 9, 9, 9, 6, 7, 9], [9, 1, 9, 9, 9, 9, 9, 9, 8], [9, 9, 2, 9, 9, 9, 9, 9, 9], [9, 9, 9, 3, 9, 9, 9, 9, 9], [9, 9, 9, 9, 4, 9, 9, 9, 9], [9, 9, 9, 9, 9, 5, 9, 9, 9], [6, 9, 9, 9, 9, 9, 6, 7, 9], [7, 9, 9, 9, 9, 9, 6, 7, 9], [9, 8, 9, 9, 9, 9, 9, 9, 8]]
[[0, 9, 9, 9, 9, 9, 6, 7, 9], [9, 1, 9, 9, 9, 9, 9, 9, 8], [9, 9, 2, 9, 9, 9, 9, 9, 9], [9, 9, 9, 3, 9, 9, 9, 9, 9], [9, 9, 9, 9, 4, 9, 9, 9, 9], [9, 9, 9, 9, 9, 5, 9, 9, 9], [6, 9, 9, 9, 9, 9, 6, 7, 9], [7, 9, 9, 9, 9, 9, 6, 7, 9], [9, 9, 8, 9, 9, 9, 9, 9, 9]]
[[0, 9, 9, 9, 9, 9, 6, 7, 9], [9, 1, 9, 9, 9, 9, 9, 9, 8], [9, 9, 2, 9, 9, 9, 9, 9, 9], [9, 9, 9, 3, 9, 9, 9, 9, 9], [9, 9, 9, 9, 4, 9, 9, 9, 9], [9, 9, 9, 9, 9, 5, 9, 9, 9], [6, 9, 9, 9, 9, 9, 6, 7, 9], [7, 9, 9, 9, 9, 9, 7, 6, 9], [8, 9, 9, 9, 9, 9, 8, 8, 9]]
[[0, 9, 9, 9, 9, 9, 6, 7, 9], [9, 1, 9, 9, 9, 9, 9, 9, 8], [9, 9, 2, 9, 9, 9, 9, 9, 9], [9, 9, 9, 3, 9, 9, 9, 9, 9], [9, 9, 9, 9, 4, 9, 9, 9, 9], [9, 9, 9, 9, 9, 5, 9, 9, 9], [6, 9, 9, 9, 9, 9, 6, 7, 9], [7, 9, 9, 9, 9, 9, 7, 6, 9], [9, 8, 9, 9, 9, 9, 9, 9, 1]]
[[0, 9, 9, 9, 9, 9, 6, 7, 9], [9, 1, 9, 9, 9, 9, 9, 9, 8], [9, 9, 2, 9, 9, 9, 9, 9, 9], [9, 9, 9, 3, 9, 9, 9, 9, 9], [9, 9, 9, 9, 4, 9, 9, 9, 9], [9, 9, 9, 9, 9, 5, 9, 9, 9], [6, 9, 9, 9, 9, 9, 6, 7, 9], [7, 9, 9, 9, 9, 9, 7, 6, 9], [9, 8, 9, 9, 9, 9, 9, 9, 8]]
[[0, 9, 9, 9, 9, 9, 6, 7, 9], [9, 1, 9, 9, 9, 9, 9, 9, 8], [9, 9, 2, 9, 9, 9, 9, 9, 9], [9, 9, 9, 3, 9, 9, 9, 9, 9], [9, 9, 9, 9, 4, 9, 9, 9, 9], [9, 9, 9, 9, 9, 5, 9, 9, 9], [6, 9, 9, 9, 9, 9, 6, 7, 9], [7, 9, 9, 9, 9, 9, 7, 6, 9], [9, 9, 8, 9, 9, 9, 9, 9, 9]]
[[0, 9, 9, 9, 9, 9, 6, 7, 9], [9, 1, 9, 9, 9, 9, 9, 9, 8], [9, 9, 2, 9, 9, 9, 9, 9, 9], [9, 9, 9, 3, 9, 9, 9, 9, 9], [9, 9, 9, 9, 4, 9, 9, 9, 9], [9, 9, 9, 9, 9, 5, 9, 9, 9], [6, 9, 9, 9, 9, 9, 6, 7, 9], [9, 7, 9, 9, 9, 9, 9, 9, 6], [8, 9, 9, 9, 9, 9, 8, 1, 9]]
[[0, 9, 9, 9, 9, 9, 6, 7, 9], [9, 1, 9, 9, 9, 9, 9, 9, 8], [9, 9, 2, 9, 9, 9, 9, 9, 9], [9, 9, 9, 3, 9, 9, 9, 9, 9], [9, 9, 9, 9, 4, 9, 9, 9, 9], [9, 9, 9, 9, 9, 5, 9, 9, 9], [6, 9, 9, 9, 9, 9, 6, 7, 9], [9, 7, 9, 9, 9, 9, 9, 9, 7], [9, 8, 9, 9, 9, 9, 9, 9, 1]]
[[0, 9, 9, 9, 9, 9, 6, 7, 9], [9, 1, 9, 9, 9, 9, 9, 9, 8], [9, 9, 2, 9, 9, 9, 9, 9, 9], [9, 9, 9, 3, 9, 9, 9, 9, 9], [9, 9, 9, 9, 4, 9, 9, 9, 9], [9, 9, 9, 9, 9, 5, 9, 9, 9], [6, 9, 9, 9, 9, 9, 6, 7, 9], [9, 7, 9, 9, 9, 9, 9, 9, 7], [9, 8, 9, 9, 9, 9, 9, 9, 8]]
[[0, 9, 9, 9, 9, 9, 6, 7, 9], [9, 1, 9, 9, 9, 9, 9, 9, 8], [9, 9, 2, 9, 9, 9, 9, 9, 9], [9, 9, 9, 3, 9, 9, 9, 9, 9], [9, 9, 9, 9, 4, 9, 9, 9, 9], [9, 9, 9, 9, 9, 5, 9, 9, 9], [6, 9, 9, 9, 9, 9, 6, 7, 9], [9, 9, 7, 9, 9, 9, 9, 9, 9], [9, 8, 9, 9, 9, 9, 9, 9, 1]]
[[0, 9, 9, 9, 9, 9, 6, 7, 9], [9, 1, 9, 9, 9, 9, 9, 9, 8], [9, 9, 2, 9, 9, 9, 9, 9, 9], [9, 9, 9, 3, 9, 9, 9, 9, 9], [9, 9, 9, 9, 4, 9, 9, 9, 9], [9, 9, 9, 9, 9, 5, 9, 9, 9], [6, 9, 9, 9, 9, 9, 6, 7, 9], [9, 9, 7, 9, 9, 9, 9, 9, 9], [9, 8, 9, 9, 9, 9, 9, 9, 8]]
[[0, 9, 9, 9, 9, 9, 6, 7, 9], [9, 1, 9, 9, 9, 9, 9, 9, 8], [9, 9, 2, 9, 9, 9, 9, 9, 9], [9, 9, 9, 3, 9, 9, 9, 9, 9], [9, 9, 9, 9, 4, 9, 9, 9, 9], [9, 9, 9, 9, 9, 5, 9, 9, 9], [6, 9, 9, 9, 9, 9, 6, 7, 9], [9, 9, 7, 9, 9, 9, 9, 9, 9], [9, 9, 8, 9, 9, 9, 9, 9, 9]]
[[0, 9, 9, 9, 9, 9, 6, 7, 9], [9, 1, 9, 9, 9, 9, 9, 9, 8], [9, 9, 2, 9, 9, 9, 9, 9, 9], [9, 9, 9, 3, 9, 9, 9, 9, 9], [9, 9, 9, 9, 4, 9, 9, 9, 9], [9, 9, 9, 9, 9, 5, 9, 9, 9], [6, 9, 9, 9, 9, 9, 6, 7, 9], [9, 9, 7, 9, 9, 9, 9, 9, 9], [9, 9, 9, 8, 9, 9, 9, 9, 9]]
[[0, 9, 9, 9, 9, 9, 6, 7, 9], [9, 1, 9, 9, 9, 9, 9, 9, 8], [9, 9, 2, 9, 9, 9, 9, 9, 9], [9, 9, 9, 3, 9, 9, 9, 9, 9], [9, 9, 9, 9, 4, 9, 9, 9, 9], [9, 9, 9, 9, 9, 5, 9, 9, 9], [6, 9, 9, 9, 9, 9, 7, 0, 9], [7, 9, 9, 9, 9, 9, 0, 6, 9], [8, 9, 9, 9, 9, 9, 8, 8, 9]]
[[0, 9, 9, 9, 9, 9, 6, 7, 9], [9, 1, 9, 9, 9, 9, 9, 9, 8], [9, 9, 2, 9, 9, 9, 9, 9, 9], [9, 9, 9, 3, 9, 9, 9, 9, 9], [9, 9, 9, 9, 4, 9, 9, 9, 9], [9, 9, 9, 9, 9, 5, 9, 9, 9], [6, 9, 9, 9, 9, 9, 7, 0, 9], [7, 9, 9, 9, 9, 9, 0, 6, 9], [9, 8, 9, 9, 9, 9, 9, 9, 1]]
[[0, 9, 9, 9, 9, 9, 6, 7, 9], [9, 1, 9, 9, 9, 9, 9, 9, 8], [9, 9, 2, 9, 9, 9, 9, 9, 9], [9, 9, 9, 3, 9, 9, 9, 9, 9], [9, 9, 9, 9, 4, 9, 9, 9, 9], [9, 9, 9, 9, 9, 5, 9, 9, 9], [6, 9, 9, 9, 9, 9, 7, 0, 9], [7, 9, 9, 9, 9, 9, 0, 6, 9], [9, 8, 9, 9, 9, 9, 9, 9, 8]]
[[0, 9, 9, 9, 9, 9, 6, 7, 9], [9, 1, 9, 9, 9, 9, 9, 9, 8], [9, 9, 2, 9, 9, 9, 9, 9, 9], [9, 9, 9, 3, 9, 9, 9, 9, 9], [9, 9, 9, 9, 4, 9, 9, 9, 9], [9, 9, 9, 9, 9, 5, 9, 9, 9], [6, 9, 9, 9, 9, 9, 7, 0, 9], [7, 9, 9, 9, 9, 9, 0, 6, 9], [9, 9, 8, 9, 9, 9, 9, 9, 9]]
[[0, 9, 9, 9, 9, 9, 6, 7, 9], [9, 1, 9, 9, 9, 9, 9, 9, 8], [9, 9, 2, 9, 9, 9, 9, 9, 9], [9, 9, 9, 3, 9, 9, 9, 9, 9], [9, 9, 9, 9, 4, 9, 9, 9, 9], [9, 9, 9, 9, 9, 5, 9, 9, 9], [9, 6, 9, 9, 9, 9, 9, 9, 6], [9, 7, 9, 9, 9, 9, 9, 9, 6], [9, 8, 9, 9, 9, 9, 9, 9, 8]]
[[0, 9, 9, 9, 9, 9, 6, 7, 9], [9, 1, 9, 9, 9, 9, 9, 9, 8], [9, 9, 2, 9, 9, 9, 9, 9, 9], [9, 9, 9, 3, 9, 9, 9, 9, 9], [9, 9, 9, 9, 4, 9, 9, 9, 9], [9, 9, 9, 9, 9, 5, 9, 9, 9], [9, 6, 9, 9, 9, 9, 9, 9, 6], [9, 7, 9, 9, 9, 9, 9, 9, 7], [9, 8, 9, 9, 9, 9, 9, 9, 1]]
[[0, 9, 9, 9, 9, 9, 6, 7, 9], [9, 1, 9, 9, 9, 9, 9, 9, 8], [9, 9, 2, 9, 9, 9, 9, 9, 9], [9, 9, 9, 3, 9, 9, 9, 9, 9], [9, 9, 9, 9, 4, 9, 9, 9, 9], [9, 9, 9, 9, 9, 5, 9, 9, 9], [9, 6, 9, 9, 9, 9, 9, 9, 6], [9, 7, 9, 9, 9, 9, 9, 9, 7], [9, 8, 9, 9, 9, 9, 9, 9, 8]]
[[0, 9, 9, 9, 9, 9, 6, 7, 9], [9, 1, 9, 9, 9, 9, 9, 9, 8], [9, 9, 2, 9, 9, 9, 9, 9, 9], [9, 9, 9, 3, 9, 9, 9, 9, 9], [9, 9, 9, 9, 4, 9, 9, 9, 9], [9, 9, 9, 9, 9, 5, 9, 9, 9], [9, 6, 9, 9, 9, 9, 9, 9, 6], [9, 9, 7, 9, 9, 9, 9, 9, 9], [9, 8, 9, 9, 9, 9, 9, 9, 1]]
[[0, 9, 9, 9, 9, 9, 6, 7, 9], [9, 1, 9, 9, 9, 9, 9, 9, 8], [9, 9, 2, 9, 9, 9, 9, 9, 9], [9, 9, 9, 3, 9, 9, 9, 9, 9], [9, 9, 9, 9, 4, 9, 9, 9, 9], [9, 9, 9, 9, 9, 5, 9, 9, 9], [9, 6, 9, 9, 9, 9, 9, 9, 6], [9, 9, 7, 9, 9, 9, 9, 9, 9], [9, 8, 9, 9, 9, 9, 9, 9, 8]]
[[0, 9, 9, 9, 9, 9, 6, 7, 9], [9, 1, 9, 9, 9, 9, 9, 9, 8], [9, 9, 2, 9, 9, 9, 9, 9, 9], [9, 9, 9, 3, 9, 9, 9, 9, 9], [9, 9, 9, 9, 4, 9, 9, 9, 9], [9, 9, 9, 9, 9, 5, 9, 9, 9], [9, 6, 9, 9, 9, 9, 9, 9, 7], [9, 7, 9, 9, 9, 9, 9, 9, 6], [9, 8, 9, 9, 9, 9, 9, 9, 1]]
[[0, 9, 9, 9, 9, 9, 6, 7, 9], [9, 1, 9, 9, 9, 9, 9, 9, 8], [9, 9, 2, 9, 9, 9, 9, 9, 9], [9, 9, 9, 3, 9, 9, 9, 9, 9], [9, 9, 9, 9, 4, 9, 9, 9, 9], [9, 9, 9, 9, 9, 5, 9, 9, 9], [9, 6, 9, 9, 9, 9, 9, 9, 7], [9, 9, 7, 9, 9, 9, 9, 9, 9], [9, 9, 8, 9, 9, 9, 9, 9, 9]]
[[0, 9, 9, 9, 9, 9, 6, 7, 9], [9, 1, 9, 9, 9, 9, 9, 9, 8], [9, 9, 2, 9, 9, 9, 9, 9, 9], [9, 9, 9, 3, 9, 9, 9, 9, 9], [9, 9, 9, 9, 4, 9, 9, 9, 9], [9, 9, 9, 9, 9, 5, 9, 9, 9], [9, 9, 6, 9, 9, 9, 9, 9, 9], [9, 9, 7, 9, 9, 9, 9, 9, 9], [9, 8, 9, 9, 9, 9, 9, 9, 1]]
[[0, 9, 9, 9, 9, 9, 6, 7, 9], [9, 1, 9, 9, 9, 9, 9, 9, 8], [9, 9, 2, 9, 9, 9, 9, 9, 9], [9, 9, 9, 3, 9, 9, 9, 9, 9], [9, 9, 9, 9, 4, 9, 9, 9, 9], [9, 9, 9, 9, 9, 5, 9, 9, 9], [9, 9, 6, 9, 9, 9, 9, 9, 9], [9, 9, 7, 9, 9, 9, 9, 9, 9], [9, 8, 9, 9, 9, 9, 9, 9, 8]]
[[0, 9, 9, 9, 9, 9, 6, 7, 9], [9, 1, 9, 9, 9, 9, 9, 9, 8], [9, 9, 2, 9, 9, 9, 9, 9, 9], [9, 9, 9, 3, 9, 9, 9, 9, 9], [9, 9, 9, 9, 4, 9, 9, 9, 9], [9, 9, 9, 9, 9, 5, 9, 9, 9], [9, 9, 6, 9, 9, 9, 9, 9, 9], [9, 9, 7, 9, 9, 9, 9, 9, 9], [9, 9, 8, 9, 9, 9, 9, 9, 9]]
[[0, 9, 9, 9, 9, 9, 6, 7, 9], [9, 1, 9, 9, 9, 9, 9, 9, 8], [9, 9, 2, 9, 9, 9, 9, 9, 9], [9, 9, 9, 3, 9, 9, 9, 9, 9], [9, 9, 9, 9, 4, 9, 9, 9, 9], [9, 9, 9, 9, 9, 5, 9, 9, 9], [9, 9, 6, 9, 9, 9, 9, 9, 9], [9, 9, 7, 9, 9, 9, 9, 9, 9], [9, 9, 9, 8, 9, 9, 9, 9, 9]]
[[0, 9, 9, 9, 9, 9, 6, 7, 9], [9, 1, 9, 9, 9, 9, 9, 9, 8], [9, 9, 2, 9, 9, 9, 9, 9, 9], [9, 9, 9, 3, 9, 9, 9, 9, 9], [9, 9, 9, 9, 4, 9, 9, 9, 9], [9, 9, 9, 9, 9, 5, 9, 9, 9], [9, 9, 6, 9, 9, 9, 9, 9, 9], [9, 9, 9, 7, 9, 9, 9, 9, 9], [9, 8, 9, 9, 9, 9, 9, 9, 1]]
[[0, 9, 9, 9, 9, 9, 6, 7, 9], [9, 1, 9, 9, 9, 9, 9, 9, 8], [9, 9, 2, 9, 9, 9, 9, 9, 9], [9, 9, 9, 3, 9, 9, 9, 9, 9], [9, 9, 9, 9, 4, 9, 9, 9, 9], [9, 9, 9, 9, 9, 5, 9, 9, 9], [9, 9, 6, 9, 9, 9, 9, 9, 9], [9, 9, 9, 7, 9, 9, 9, 9, 9], [9, 8, 9, 9, 9, 9, 9, 9, 8]]
[[0, 9, 9, 9, 9, 9, 6, 7, 9], [9, 1, 9, 9, 9, 9, 9, 9, 8], [9, 9, 2, 9, 9, 9, 9, 9, 9], [9, 9, 9, 3, 9, 9, 9, 9, 9], [9, 9, 9, 9, 4, 9, 9, 9, 9], [9, 9, 9, 9, 9, 5, 9, 9, 9], [9, 9, 6, 9, 9, 9, 9, 9, 9], [9, 9, 9, 7, 9, 9, 9, 9, 9], [9, 9, 8, 9, 9, 9, 9, 9, 9]]
[[0, 9, 9, 9, 9, 9, 6, 7, 9], [9, 1, 9, 9, 9, 9, 9, 9, 8], [9, 9, 2, 9, 9, 9, 9, 9, 9], [9, 9, 9, 3, 9, 9, 9, 9, 9], [9, 9, 9, 9, 4, 9, 9, 9, 9], [9, 9, 9, 9, 9, 5, 9, 9, 9], [9, 9, 6, 9, 9, 9, 9, 9, 9], [9, 9, 9, 7, 9, 9, 9, 9, 9], [9, 9, 9, 9, 8, 9, 9, 9, 9]]
[[0, 9, 9, 9, 9, 9, 6, 9, 9], [9, 1, 9, 9, 9, 9, 9, 7, 9], [9, 9, 2, 9, 9, 9, 9, 9, 8], [9, 9, 9, 3, 9, 9, 9, 9, 9], [9, 9, 9, 9, 4, 9, 9, 9, 9], [9, 9, 9, 9, 9, 5, 9, 9, 9], [6, 9, 9, 9, 9, 9, 0, 9, 9], [7, 9, 9, 9, 9, 9, 7, 9, 9], [8, 9, 9, 9, 9, 9, 8, 9, 9]]
[[0, 9, 9, 9, 9, 9, 6, 9, 9], [9, 1, 9, 9, 9, 9, 9, 7, 9], [9, 9, 2, 9, 9, 9, 9, 9, 8], [9, 9, 9, 3, 9, 9, 9, 9, 9], [9, 9, 9, 9, 4, 9, 9, 9, 9], [9, 9, 9, 9, 9, 5, 9, 9, 9], [6, 9, 9, 9, 9, 9, 0, 9, 9], [7, 9, 9, 9, 9, 9, 7, 9, 9], [9, 9, 8, 9, 9, 9, 9, 9, 2]]
[[0, 9, 9, 9, 9, 9, 6, 9, 9], [9, 1, 9, 9, 9, 9, 9, 7, 9], [9, 9, 2, 9, 9, 9, 9, 9, 8], [9, 9, 9, 3, 9, 9, 9, 9, 9], [9, 9, 9, 9, 4, 9, 9, 9, 9], [9, 9, 9, 9, 9, 5, 9, 9, 9], [6, 9, 9, 9, 9, 9, 0, 9, 9], [7, 9, 9, 9, 9, 9, 7, 9, 9], [9, 9, 8, 9, 9, 9, 9, 9, 8]]
[[0, 9, 9, 9, 9, 9, 6, 9, 9], [9, 1, 9, 9, 9, 9, 9, 7, 9], [9, 9, 2, 9, 9, 9, 9, 9, 8], [9, 9, 9, 3, 9, 9, 9, 9, 9], [9, 9, 9, 9, 4, 9, 9, 9, 9], [9, 9, 9, 9, 9, 5, 9, 9, 9], [6, 9, 9, 9, 9, 9, 0, 9, 9], [7, 9, 9, 9, 9, 9, 7, 9, 9], [9, 9, 9, 8, 9, 9, 9, 9, 9]]
[[0, 9, 9, 9, 9, 9, 6, 9, 9], [9, 1, 9, 9, 9, 9, 9, 7, 9], [9, 9, 2, 9, 9, 9, 9, 9, 8], [9, 9, 9, 3, 9, 9, 9, 9, 9], [9, 9, 9, 9, 4, 9, 9, 9, 9], [9, 9, 9, 9, 9, 5, 9, 9, 9], [6, 9, 9, 9, 9, 9, 0, 9, 9], [9, 7, 9, 9, 9, 9, 9, 1, 9], [9, 9, 8, 9, 9, 9, 9, 9, 2]]
[[0, 9, 9, 9, 9, 9, 6, 9, 9], [9, 1, 9, 9, 9, 9, 9, 7, 9], [9, 9, 2, 9, 9, 9, 9, 9, 8], [9, 9, 9, 3, 9, 9, 9, 9, 9], [9, 9, 9, 9, 4, 9, 9, 9, 9], [9, 9, 9, 9, 9, 5, 9, 9, 9], [6, 9, 9, 9, 9, 9, 0, 9, 9], [9, 7, 9, 9, 9, 9, 9, 1, 9], [9, 9, 8, 9, 9, 9, 9, 9, 8]]
[[0, 9, 9, 9, 9, 9, 6, 9, 9], [9, 1, 9, 9, 9, 9, 9, 7, 9], [9, 9, 2, 9, 9, 9, 9, 9, 8], [9, 9, 9, 3, 9, 9, 9, 9, 9], [9, 9, 9, 9, 4, 9, 9, 9, 9], [9, 9, 9, 9, 9, 5, 9, 9, 9], [6, 9, 9, 9, 9, 9, 0, 9, 9], [9, 7, 9, 9, 9, 9, 9, 1, 9], [9, 9, 9, 8, 9, 9, 9, 9, 9]]
[[0, 9, 9, 9, 9, 9, 6, 9, 9], [9, 1, 9, 9, 9, 9, 9, 7, 9], [9, 9, 2, 9, 9, 9, 9, 9, 8], [9, 9, 9, 3, 9, 9, 9, 9, 9], [9, 9, 9, 9, 4, 9, 9, 9, 9], [9, 9, 9, 9, 9, 5, 9, 9, 9], [6, 9, 9, 9, 9, 9, 0, 9, 9], [9, 7, 9, 9, 9, 9, 9, 7, 9], [9, 8, 9, 9, 9, 9, 9, 8, 9]]
[[0, 9, 9, 9, 9, 9, 6, 9, 9], [9, 1, 9, 9, 9, 9, 9, 7, 9], [9, 9, 2, 9, 9, 9, 9, 9, 8], [9, 9, 9, 3, 9, 9, 9, 9, 9], [9, 9, 9, 9, 4, 9, 9, 9, 9], [9, 9, 9, 9, 9, 5, 9, 9, 9], [6, 9, 9, 9, 9, 9, 0, 9, 9], [9, 7, 9, 9, 9, 9, 9, 7, 9], [9, 9, 8, 9, 9, 9, 9, 9, 8]]
[[0, 9, 9, 9, 9, 9, 6, 9, 9], [9, 1, 9, 9, 9, 9, 9, 7, 9], [9, 9, 2, 9, 9, 9, 9, 9, 8], [9, 9, 9, 3, 9, 9, 9, 9, 9], [9, 9, 9, 9, 4, 9, 9, 9, 9], [9, 9, 9, 9, 9, 5, 9, 9, 9], [6, 9, 9, 9, 9, 9, 0, 9, 9], [9, 7, 9, 9, 9, 9, 9, 7, 9], [9, 9, 9, 8, 9, 9, 9, 9, 9]]
[[0, 9, 9, 9, 9, 9, 6, 9, 9], [9, 1, 9, 9, 9, 9, 9, 7, 9], [9, 9, 2, 9, 9, 9, 9, 9, 8], [9, 9, 9, 3, 9, 9, 9, 9, 9], [9, 9, 9, 9, 4, 9, 9, 9, 9], [9, 9, 9, 9, 9, 5, 9, 9, 9], [6, 9, 9, 9, 9, 9, 0, 9, 9], [9, 9, 7, 9, 9, 9, 9, 9, 1], [9, 8, 9, 9, 9, 9, 9, 2, 9]]
[[0, 9, 9, 9, 9, 9, 6, 9, 9], [9, 1, 9, 9, 9, 9, 9, 7, 9], [9, 9, 2, 9, 9, 9, 9, 9, 8], [9, 9, 9, 3, 9, 9, 9, 9, 9], [9, 9, 9, 9, 4, 9, 9, 9, 9], [9, 9, 9, 9, 9, 5, 9, 9, 9], [6, 9, 9, 9, 9, 9, 0, 9, 9], [9, 9, 9, 7, 9, 9, 9, 9, 9], [9, 9, 9, 8, 9, 9, 9, 9, 9]]
[[0, 9, 9, 9, 9, 9, 6, 9, 9], [9, 1, 9, 9, 9, 9, 9, 7, 9], [9, 9, 2, 9, 9, 9, 9, 9, 8], [9, 9, 9, 3, 9, 9, 9, 9, 9], [9, 9, 9, 9, 4, 9, 9, 9, 9], [9, 9, 9, 9, 9, 5, 9, 9, 9], [6, 9, 9, 9, 9, 9, 0, 9, 9], [9, 9, 9, 7, 9, 9, 9, 9, 9], [9, 9, 9, 9, 8, 9, 9, 9, 9]]
[[0, 9, 9, 9, 9, 9, 6, 9, 9], [9, 1, 9, 9, 9, 9, 9, 7, 9], [9, 9, 2, 9, 9, 9, 9, 9, 8], [9, 9, 9, 3, 9, 9, 9, 9, 9], [9, 9, 9, 9, 4, 9, 9, 9, 9], [9, 9, 9, 9, 9, 5, 9, 9, 9], [6, 9, 9, 9, 9, 9, 6, 9, 9], [7, 9, 9, 9, 9, 9, 7, 9, 9], [8, 9, 9, 9, 9, 9, 8, 9, 9]]
[[0, 9, 9, 9, 9, 9, 6, 9, 9], [9, 1, 9, 9, 9, 9, 9, 7, 9], [9, 9, 2, 9, 9, 9, 9, 9, 8], [9, 9, 9, 3, 9, 9, 9, 9, 9], [9, 9, 9, 9, 4, 9, 9, 9, 9], [9, 9, 9, 9, 9, 5, 9, 9, 9], [6, 9, 9, 9, 9, 9, 6, 9, 9], [7, 9, 9, 9, 9, 9, 7, 9, 9], [9, 9, 8, 9, 9, 9, 9, 9, 8]]
[[0, 9, 9, 9, 9, 9, 6, 9, 9], [9, 1, 9, 9, 9, 9, 9, 7, 9], [9, 9, 2, 9, 9, 9, 9, 9, 8], [9, 9, 9, 3, 9, 9, 9, 9, 9], [9, 9, 9, 9, 4, 9, 9, 9, 9], [9, 9, 9, 9, 9, 5, 9, 9, 9], [6, 9, 9, 9, 9, 9, 6, 9, 9], [7, 9, 9, 9, 9, 9, 7, 9, 9], [9, 9, 9, 8, 9, 9, 9, 9, 9]]
[[0, 9, 9, 9, 9, 9, 6, 9, 9], [9, 1, 9, 9, 9, 9, 9, 7, 9], [9, 9, 2, 9, 9, 9, 9, 9, 8], [9, 9, 9, 3, 9, 9, 9, 9, 9], [9, 9, 9, 9, 4, 9, 9, 9, 9], [9, 9, 9, 9, 9, 5, 9, 9, 9], [6, 9, 9, 9, 9, 9, 6, 9, 9], [9, 7, 9, 9, 9, 9, 9, 7, 9], [9, 9, 8, 9, 9, 9, 9, 9, 8]]
[[0, 9, 9, 9, 9, 9, 6, 9, 9], [9, 1, 9, 9, 9, 9, 9, 7, 9], [9, 9, 2, 9, 9, 9, 9, 9, 8], [9, 9, 9, 3, 9, 9, 9, 9, 9], [9, 9, 9, 9, 4, 9, 9, 9, 9], [9, 9, 9, 9, 9, 5, 9, 9, 9], [6, 9, 9, 9, 9, 9, 6, 9, 9], [9, 7, 9, 9, 9, 9, 9, 7, 9], [9, 9, 9, 8, 9, 9, 9, 9, 9]]
[[0, 9, 9, 9, 9, 9, 6, 9, 9], [9, 1, 9, 9, 9, 9, 9, 7, 9], [9, 9, 2, 9, 9, 9, 9, 9, 8], [9, 9, 9, 3, 9, 9, 9, 9, 9], [9, 9, 9, 9, 4, 9, 9, 9, 9], [9, 9, 9, 9, 9, 5, 9, 9, 9], [6, 9, 9, 9, 9, 9, 6, 9, 9], [9, 9, 7, 9, 9, 9, 9, 9, 1], [9, 8, 9, 9, 9, 9, 9, 2, 9]]
[[0, 9, 9, 9, 9, 9, 6, 9, 9], [9, 1, 9, 9, 9, 9, 9, 7, 9], [9, 9, 2, 9, 9, 9, 9, 9, 8], [9, 9, 9, 3, 9, 9, 9, 9, 9], [9, 9, 9, 9, 4, 9, 9, 9, 9], [9, 9, 9, 9, 9, 5, 9, 9, 9], [6, 9, 9, 9, 9, 9, 6, 9, 9], [9, 9, 9, 7, 9, 9, 9, 9, 9], [9, 9, 9, 8, 9, 9, 9, 9, 9]]
[[0, 9, 9, 9, 9, 9, 6, 9, 9], [9, 1, 9, 9, 9, 9, 9, 7, 9], [9, 9, 2, 9, 9, 9, 9, 9, 8], [9, 9, 9, 3, 9, 9, 9, 9, 9], [9, 9, 9, 9, 4, 9, 9, 9, 9], [9, 9, 9, 9, 9, 5, 9, 9, 9], [6, 9, 9, 9, 9, 9, 6, 9, 9], [9, 9, 9, 7, 9, 9, 9, 9, 9], [9, 9, 9, 9, 8, 9, 9, 9, 9]]
[[0, 9, 9, 9, 9, 9, 6, 9, 9], [9, 1, 9, 9, 9, 9, 9, 7, 9], [9, 9, 2, 9, 9, 9, 9, 9, 8], [9, 9, 9, 3, 9, 9, 9, 9, 9], [9, 9, 9, 9, 4, 9, 9, 9, 9], [9, 9, 9, 9, 9, 5, 9, 9, 9], [9, 6, 9, 9, 9, 9, 9, 0, 9], [7, 9, 9, 9, 9, 9, 1, 9, 9], [9, 9, 9, 8, 9, 9, 9, 9, 9]]
[[0, 9, 9, 9, 9, 9, 6, 9, 9], [9, 1, 9, 9, 9, 9, 9, 7, 9], [9, 9, 2, 9, 9, 9, 9, 9, 8], [9, 9, 9, 3, 9, 9, 9, 9, 9], [9, 9, 9, 9, 4, 9, 9, 9, 9], [9, 9, 9, 9, 9, 5, 9, 9, 9], [9, 9, 9, 6, 9, 9, 9, 9, 9], [9, 9, 9, 7, 9, 9, 9, 9, 9], [9, 9, 9, 8, 9, 9, 9, 9, 9]]
[[0, 9, 9, 9, 9, 9, 6, 9, 9], [9, 1, 9, 9, 9, 9, 9, 7, 9], [9, 9, 2, 9, 9, 9, 9, 9, 8], [9, 9, 9, 3, 9, 9, 9, 9, 9], [9, 9, 9, 9, 4, 9, 9, 9, 9], [9, 9, 9, 9, 9, 5, 9, 9, 9], [9, 9, 9, 6, 9, 9, 9, 9, 9], [9, 9, 9, 7, 9, 9, 9, 9, 9], [9, 9, 9, 9, 8, 9, 9, 9, 9]]
[[0, 9, 9, 9, 9, 9, 6, 9, 9], [9, 1, 9, 9, 9, 9, 9, 7, 9], [9, 9, 2, 9, 9, 9, 9, 9, 8], [9, 9, 9, 3, 9, 9, 9, 9, 9], [9, 9, 9, 9, 4, 9, 9, 9, 9], [9, 9, 9, 9, 9, 5, 9, 9, 9], [9, 9, 9, 6, 9, 9, 9, 9, 9], [9, 9, 9, 9, 7, 9, 9, 9, 9], [9, 9, 9, 9, 9, 8, 9, 9, 9]]
