[[0, 8, 8, 8, 8, 5, 6, 7], [8, 1, 8, 8, 8, 8, 8, 8], [8, 8, 2, 8, 8, 8, 8, 8], [8, 8, 8, 3, 8, 8, 8, 8], [8, 8, 8, 8, 4, 8, 8, 8], [5, 8, 8, 8, 8, 0, 6, 7], [6, 8, 8, 8, 8, 6, 6, 6], [7, 8, 8, 8, 8, 7, 6, 6]]
[[0, 8, 8, 8, 8, 5, 6, 7], [8, 1, 8, 8, 8, 8, 8, 8], [8, 8, 2, 8, 8, 8, 8, 8], [8, 8, 8, 3, 8, 8, 8, 8], [8, 8, 8, 8, 4, 8, 8, 8], [5, 8, 8, 8, 8, 0, 6, 7], [6, 8, 8, 8, 8, 6, 6, 6], [7, 8, 8, 8, 8, 7, 6, 7]]
[[0, 8, 8, 8, 8, 5, 6, 7], [8, 1, 8, 8, 8, 8, 8, 8], [8, 8, 2, 8, 8, 8, 8, 8], [8, 8, 8, 3, 8, 8, 8, 8], [8, 8, 8, 8, 4, 8, 8, 8], [5, 8, 8, 8, 8, 0, 6, 7], [6, 8, 8, 8, 8, 6, 6, 6], [7, 8, 8, 8, 8, 7, 7, 7]]
[[0, 8, 8, 8, 8, 5, 6, 7], [8, 1, 8, 8, 8, 8, 8, 8], [8, 8, 2, 8, 8, 8, 8, 8], [8, 8, 8, 3, 8, 8, 8, 8], [8, 8, 8, 8, 4, 8, 8, 8], [5, 8, 8, 8, 8, 0, 6, 7], [6, 8, 8, 8, 8, 6, 6, 7], [7, 8, 8, 8, 8, 7, 6, 7]]
[[0, 8, 8, 8, 8, 5, 6, 7], [8, 1, 8, 8, 8, 8, 8, 8], [8, 8, 2, 8, 8, 8, 8, 8], [8, 8, 8, 3, 8, 8, 8, 8], [8, 8, 8, 8, 4, 8, 8, 8], [5, 8, 8, 8, 8, 0, 6, 7], [6, 8, 8, 8, 8, 6, 6, 7], [7, 8, 8, 8, 8, 7, 7, 6]]
[[0, 8, 8, 8, 8, 5, 6, 7], [8, 1, 8, 8, 8, 8, 8, 8], [8, 8, 2, 8, 8, 8, 8, 8], [8, 8, 8, 3, 8, 8, 8, 8], [8, 8, 8, 8, 4, 8, 8, 8], [5, 8, 8, 8, 8, 0, 6, 7], [6, 8, 8, 8, 8, 6, 6, 7], [8, 7, 8, 8, 8, 8, 8, 8]]
[[0, 8, 8, 8, 8, 5, 6, 7], [8, 1, 8, 8, 8, 8, 8, 8], [8, 8, 2, 8, 8, 8, 8, 8], [8, 8, 8, 3, 8, 8, 8, 8], [8, 8, 8, 8, 4, 8, 8, 8], [5, 8, 8, 8, 8, 0, 6, 7], [6, 8, 8, 8, 8, 7, 6, 7], [7, 8, 8, 8, 8, 6, 6, 7]]
[[0, 8, 8, 8, 8, 5, 6, 7], [8, 1, 8, 8, 8, 8, 8, 8], [8, 8, 2, 8, 8, 8, 8, 8], [8, 8, 8, 3, 8, 8, 8, 8], [8, 8, 8, 8, 4, 8, 8, 8], [5, 8, 8, 8, 8, 0, 6, 7], [8, 6, 8, 8, 8, 8, 8, 8], [8, 7, 8, 8, 8, 8, 8, 8]]
[[0, 8, 8, 8, 8, 5, 6, 7], [8, 1, 8, 8, 8, 8, 8, 8], [8, 8, 2, 8, 8, 8, 8, 8], [8, 8, 8, 3, 8, 8, 8, 8], [8, 8, 8, 8, 4, 8, 8, 8], [5, 8, 8, 8, 8, 0, 6, 7], [8, 6, 8, 8, 8, 8, 8, 8], [8, 8, 7, 8, 8, 8, 8, 8]]
[[0, 8, 8, 8, 8, 5, 6, 7], [8, 1, 8, 8, 8, 8, 8, 8], [8, 8, 2, 8, 8, 8, 8, 8], [8, 8, 8, 3, 8, 8, 8, 8], [8, 8, 8, 8, 4, 8, 8, 8], [5, 8, 8, 8, 8, 0, 7, 6], [6, 8, 8, 8, 8, 6, 6, 6], [7, 8, 8, 8, 8, 7, 7, 7]]
[[0, 8, 8, 8, 8, 5, 6, 7], [8, 1, 8, 8, 8, 8, 8, 8], [8, 8, 2, 8, 8, 8, 8, 8], [8, 8, 8, 3, 8, 8, 8, 8], [8, 8, 8, 8, 4, 8, 8, 8], [5, 8, 8, 8, 8, 0, 7, 6], [6, 8, 8, 8, 8, 7, 0, 5], [7, 8, 8, 8, 8, 6, 5, 0]]
[[0, 8, 8, 8, 8, 5, 6, 7], [8, 1, 8, 8, 8, 8, 8, 8], [8, 8, 2, 8, 8, 8, 8, 8], [8, 8, 8, 3, 8, 8, 8, 8], [8, 8, 8, 8, 4, 8, 8, 8], [5, 8, 8, 8, 8, 0, 7, 6], [6, 8, 8, 8, 8, 7, 5, 0], [7, 8, 8, 8, 8, 6, 0, 5]]
[[0, 8, 8, 8, 8, 5, 6, 7], [8, 1, 8, 8, 8, 8, 8, 8], [8, 8, 2, 8, 8, 8, 8, 8], [8, 8, 8, 3, 8, 8, 8, 8], [8, 8, 8, 8, 4, 8, 8, 8], [5, 8, 8, 8, 8, 0, 7, 6], [6, 8, 8, 8, 8, 7, 6, 7], [7, 8, 8, 8, 8, 6, 7, 6]]
[[0, 8, 8, 8, 8, 5, 6, 7], [8, 1, 8, 8, 8, 8, 8, 8], [8, 8, 2, 8, 8, 8, 8, 8], [8, 8, 8, 3, 8, 8, 8, 8], [8, 8, 8, 8, 4, 8, 8, 8], [5, 8, 8, 8, 8, 0, 7, 6], [8, 6, 8, 8, 8, 8, 8, 8], [8, 7, 8, 8, 8, 8, 8, 8]]
[[0, 8, 8, 8, 8, 5, 6, 7], [8, 1, 8, 8, 8, 8, 8, 8], [8, 8, 2, 8, 8, 8, 8, 8], [8, 8, 8, 3, 8, 8, 8, 8], [8, 8, 8, 8, 4, 8, 8, 8], [5, 8, 8, 8, 8, 5, 5, 5], [6, 8, 8, 8, 8, 5, 5, 5], [7, 8, 8, 8, 8, 5, 5, 5]]
[[0, 8, 8, 8, 8, 5, 6, 7], [8, 1, 8, 8, 8, 8, 8, 8], [8, 8, 2, 8, 8, 8, 8, 8], [8, 8, 8, 3, 8, 8, 8, 8], [8, 8, 8, 8, 4, 8, 8, 8], [5, 8, 8, 8, 8, 5, 5, 5], [6, 8, 8, 8, 8, 5, 5, 5], [7, 8, 8, 8, 8, 5, 5, 6]]
[[0, 8, 8, 8, 8, 5, 6, 7], [8, 1, 8, 8, 8, 8, 8, 8], [8, 8, 2, 8, 8, 8, 8, 8], [8, 8, 8, 3, 8, 8, 8, 8], [8, 8, 8, 8, 4, 8, 8, 8], [5, 8, 8, 8, 8, 5, 5, 5], [6, 8, 8, 8, 8, 5, 5, 5], [7, 8, 8, 8, 8, 5, 5, 7]]
[[0, 8, 8, 8, 8, 5, 6, 7], [8, 1, 8, 8, 8, 8, 8, 8], [8, 8, 2, 8, 8, 8, 8, 8], [8, 8, 8, 3, 8, 8, 8, 8], [8, 8, 8, 8, 4, 8, 8, 8], [5, 8, 8, 8, 8, 5, 5, 5], [6, 8, 8, 8, 8, 5, 5, 5], [7, 8, 8, 8, 8, 5, 6, 7]]
[[0, 8, 8, 8, 8, 5, 6, 7], [8, 1, 8, 8, 8, 8, 8, 8], [8, 8, 2, 8, 8, 8, 8, 8], [8, 8, 8, 3, 8, 8, 8, 8], [8, 8, 8, 8, 4, 8, 8, 8], [5, 8, 8, 8, 8, 5, 5, 5], [6, 8, 8, 8, 8, 5, 5, 5], [7, 8, 8, 8, 8, 7, 7, 7]]
[[0, 8, 8, 8, 8, 5, 6, 7], [8, 1, 8, 8, 8, 8, 8, 8], [8, 8, 2, 8, 8, 8, 8, 8], [8, 8, 8, 3, 8, 8, 8, 8], [8, 8, 8, 8, 4, 8, 8, 8], [5, 8, 8, 8, 8, 5, 5, 5], [6, 8, 8, 8, 8, 5, 5, 6], [7, 8, 8, 8, 8, 5, 5, 7]]
[[0, 8, 8, 8, 8, 5, 6, 7], [8, 1, 8, 8, 8, 8, 8, 8], [8, 8, 2, 8, 8, 8, 8, 8], [8, 8, 8, 3, 8, 8, 8, 8], [8, 8, 8, 8, 4, 8, 8, 8], [5, 8, 8, 8, 8, 5, 5, 5], [6, 8, 8, 8, 8, 5, 5, 6], [7, 8, 8, 8, 8, 5, 6, 7]]
[[0, 8, 8, 8, 8, 5, 6, 7], [8, 1, 8, 8, 8, 8, 8, 8], [8, 8, 2, 8, 8, 8, 8, 8], [8, 8, 8, 3, 8, 8, 8, 8], [8, 8, 8, 8, 4, 8, 8, 8], [5, 8, 8, 8, 8, 5, 5, 5], [6, 8, 8, 8, 8, 5, 6, 5], [7, 8, 8, 8, 8, 5, 5, 7]]
[[0, 8, 8, 8, 8, 5, 6, 7], [8, 1, 8, 8, 8, 8, 8, 8], [8, 8, 2, 8, 8, 8, 8, 8], [8, 8, 8, 3, 8, 8, 8, 8], [8, 8, 8, 8, 4, 8, 8, 8], [5, 8, 8, 8, 8, 5, 5, 5], [6, 8, 8, 8, 8, 5, 6, 5], [7, 8, 8, 8, 8, 7, 7, 7]]
[[0, 8, 8, 8, 8, 5, 6, 7], [8, 1, 8, 8, 8, 8, 8, 8], [8, 8, 2, 8, 8, 8, 8, 8], [8, 8, 8, 3, 8, 8, 8, 8], [8, 8, 8, 8, 4, 8, 8, 8], [5, 8, 8, 8, 8, 5, 5, 5], [6, 8, 8, 8, 8, 5, 6, 6], [7, 8, 8, 8, 8, 5, 6, 6]]
[[0, 8, 8, 8, 8, 5, 6, 7], [8, 1, 8, 8, 8, 8, 8, 8], [8, 8, 2, 8, 8, 8, 8, 8], [8, 8, 8, 3, 8, 8, 8, 8], [8, 8, 8, 8, 4, 8, 8, 8], [5, 8, 8, 8, 8, 5, 5, 5], [6, 8, 8, 8, 8, 5, 6, 6], [7, 8, 8, 8, 8, 5, 6, 7]]
[[0, 8, 8, 8, 8, 5, 6, 7], [8, 1, 8, 8, 8, 8, 8, 8], [8, 8, 2, 8, 8, 8, 8, 8], [8, 8, 8, 3, 8, 8, 8, 8], [8, 8, 8, 8, 4, 8, 8, 8], [5, 8, 8, 8, 8, 5, 5, 5], [6, 8, 8, 8, 8, 5, 6, 6], [7, 8, 8, 8, 8, 5, 7, 7]]
[[0, 8, 8, 8, 8, 5, 6, 7], [8, 1, 8, 8, 8, 8, 8, 8], [8, 8, 2, 8, 8, 8, 8, 8], [8, 8, 8, 3, 8, 8, 8, 8], [8, 8, 8, 8, 4, 8, 8, 8], [5, 8, 8, 8, 8, 5, 5, 5], [6, 8, 8, 8, 8, 5, 6, 7], [7, 8, 8, 8, 8, 5, 6, 7]]
[[0, 8, 8, 8, 8, 5, 6, 7], [8, 1, 8, 8, 8, 8, 8, 8], [8, 8, 2, 8, 8, 8, 8, 8], [8, 8, 8, 3, 8, 8, 8, 8], [8, 8, 8, 8, 4, 8, 8, 8], [5, 8, 8, 8, 8, 5, 5, 5], [6, 8, 8, 8, 8, 5, 6, 7], [7, 8, 8, 8, 8, 5, 7, 6]]
[[0, 8, 8, 8, 8, 5, 6, 7], [8, 1, 8, 8, 8, 8, 8, 8], [8, 8, 2, 8, 8, 8, 8, 8], [8, 8, 8, 3, 8, 8, 8, 8], [8, 8, 8, 8, 4, 8, 8, 8], [5, 8, 8, 8, 8, 5, 5, 5], [6, 8, 8, 8, 8, 5, 6, 7], [7, 8, 8, 8, 8, 7, 7, 7]]
[[0, 8, 8, 8, 8, 5, 6, 7], [8, 1, 8, 8, 8, 8, 8, 8], [8, 8, 2, 8, 8, 8, 8, 8], [8, 8, 8, 3, 8, 8, 8, 8], [8, 8, 8, 8, 4, 8, 8, 8], [5, 8, 8, 8, 8, 5, 5, 5], [6, 8, 8, 8, 8, 5, 7, 0], [7, 8, 8, 8, 8, 5, 0, 6]]
[[0, 8, 8, 8, 8, 5, 6, 7], [8, 1, 8, 8, 8, 8, 8, 8], [8, 8, 2, 8, 8, 8, 8, 8], [8, 8, 8, 3, 8, 8, 8, 8], [8, 8, 8, 8, 4, 8, 8, 8], [5, 8, 8, 8, 8, 5, 5, 5], [6, 8, 8, 8, 8, 6, 6, 6], [7, 8, 8, 8, 8, 7, 7, 7]]
[[0, 8, 8, 8, 8, 5, 6, 7], [8, 1, 8, 8, 8, 8, 8, 8], [8, 8, 2, 8, 8, 8, 8, 8], [8, 8, 8, 3, 8, 8, 8, 8], [8, 8, 8, 8, 4, 8, 8, 8], [5, 8, 8, 8, 8, 5, 5, 7], [6, 8, 8, 8, 8, 5, 5, 7], [7, 8, 8, 8, 8, 5, 5, 7]]
[[0, 8, 8, 8, 8, 5, 6, 7], [8, 1, 8, 8, 8, 8, 8, 8], [8, 8, 2, 8, 8, 8, 8, 8], [8, 8, 8, 3, 8, 8, 8, 8], [8, 8, 8, 8, 4, 8, 8, 8], [5, 8, 8, 8, 8, 5, 5, 7], [6, 8, 8, 8, 8, 5, 5, 7], [7, 8, 8, 8, 8, 7, 7, 5]]
[[0, 8, 8, 8, 8, 5, 6, 7], [8, 1, 8, 8, 8, 8, 8, 8], [8, 8, 2, 8, 8, 8, 8, 8], [8, 8, 8, 3, 8, 8, 8, 8], [8, 8, 8, 8, 4, 8, 8, 8], [5, 8, 8, 8, 8, 5, 5, 7], [6, 8, 8, 8, 8, 5, 5, 7], [8, 7, 8, 8, 8, 8, 8, 8]]
[[0, 8, 8, 8, 8, 5, 6, 7], [8, 1, 8, 8, 8, 8, 8, 8], [8, 8, 2, 8, 8, 8, 8, 8], [8, 8, 8, 3, 8, 8, 8, 8], [8, 8, 8, 8, 4, 8, 8, 8], [5, 8, 8, 8, 8, 5, 5, 7], [6, 8, 8, 8, 8, 5, 6, 7], [7, 8, 8, 8, 8, 5, 5, 7]]
[[0, 8, 8, 8, 8, 5, 6, 7], [8, 1, 8, 8, 8, 8, 8, 8], [8, 8, 2, 8, 8, 8, 8, 8], [8, 8, 8, 3, 8, 8, 8, 8], [8, 8, 8, 8, 4, 8, 8, 8], [5, 8, 8, 8, 8, 5, 5, 7], [6, 8, 8, 8, 8, 5, 6, 7], [7, 8, 8, 8, 8, 5, 7, 7]]
[[0, 8, 8, 8, 8, 5, 6, 7], [8, 1, 8, 8, 8, 8, 8, 8], [8, 8, 2, 8, 8, 8, 8, 8], [8, 8, 8, 3, 8, 8, 8, 8], [8, 8, 8, 8, 4, 8, 8, 8], [5, 8, 8, 8, 8, 5, 5, 7], [6, 8, 8, 8, 8, 5, 6, 7], [7, 8, 8, 8, 8, 7, 7, 5]]
[[0, 8, 8, 8, 8, 5, 6, 7], [8, 1, 8, 8, 8, 8, 8, 8], [8, 8, 2, 8, 8, 8, 8, 8], [8, 8, 8, 3, 8, 8, 8, 8], [8, 8, 8, 8, 4, 8, 8, 8], [5, 8, 8, 8, 8, 5, 5, 7], [6, 8, 8, 8, 8, 5, 6, 7], [8, 7, 8, 8, 8, 8, 8, 8]]
[[0, 8, 8, 8, 8, 5, 6, 7], [8, 1, 8, 8, 8, 8, 8, 8], [8, 8, 2, 8, 8, 8, 8, 8], [8, 8, 8, 3, 8, 8, 8, 8], [8, 8, 8, 8, 4, 8, 8, 8], [5, 8, 8, 8, 8, 5, 5, 7], [6, 8, 8, 8, 8, 6, 6, 7], [8, 7, 8, 8, 8, 8, 8, 8]]
[[0, 8, 8, 8, 8, 5, 6, 7], [8, 1, 8, 8, 8, 8, 8, 8], [8, 8, 2, 8, 8, 8, 8, 8], [8, 8, 8, 3, 8, 8, 8, 8], [8, 8, 8, 8, 4, 8, 8, 8], [5, 8, 8, 8, 8, 5, 6, 6], [6, 8, 8, 8, 8, 6, 5, 5], [7, 8, 8, 8, 8, 6, 5, 5]]
[[0, 8, 8, 8, 8, 5, 6, 7], [8, 1, 8, 8, 8, 8, 8, 8], [8, 8, 2, 8, 8, 8, 8, 8], [8, 8, 8, 3, 8, 8, 8, 8], [8, 8, 8, 8, 4, 8, 8, 8], [5, 8, 8, 8, 8, 5, 6, 6], [8, 6, 8, 8, 8, 8, 8, 8], [8, 7, 8, 8, 8, 8, 8, 8]]
[[0, 8, 8, 8, 8, 5, 6, 7], [8, 1, 8, 8, 8, 8, 8, 8], [8, 8, 2, 8, 8, 8, 8, 8], [8, 8, 8, 3, 8, 8, 8, 8], [8, 8, 8, 8, 4, 8, 8, 8], [5, 8, 8, 8, 8, 5, 6, 7], [6, 8, 8, 8, 8, 5, 6, 7], [7, 8, 8, 8, 8, 5, 6, 7]]
[[0, 8, 8, 8, 8, 5, 6, 7], [8, 1, 8, 8, 8, 8, 8, 8], [8, 8, 2, 8, 8, 8, 8, 8], [8, 8, 8, 3, 8, 8, 8, 8], [8, 8, 8, 8, 4, 8, 8, 8], [5, 8, 8, 8, 8, 5, 6, 7], [6, 8, 8, 8, 8, 5, 6, 7], [8, 7, 8, 8, 8, 8, 8, 8]]
[[0, 8, 8, 8, 8, 5, 6, 7], [8, 1, 8, 8, 8, 8, 8, 8], [8, 8, 2, 8, 8, 8, 8, 8], [8, 8, 8, 3, 8, 8, 8, 8], [8, 8, 8, 8, 4, 8, 8, 8], [5, 8, 8, 8, 8, 5, 6, 7], [6, 8, 8, 8, 8, 6, 5, 7], [8, 7, 8, 8, 8, 8, 8, 8]]
[[0, 8, 8, 8, 8, 5, 6, 7], [8, 1, 8, 8, 8, 8, 8, 8], [8, 8, 2, 8, 8, 8, 8, 8], [8, 8, 8, 3, 8, 8, 8, 8], [8, 8, 8, 8, 4, 8, 8, 8], [5, 8, 8, 8, 8, 5, 6, 7], [6, 8, 8, 8, 8, 6, 7, 5], [7, 8, 8, 8, 8, 7, 5, 6]]
[[0, 8, 8, 8, 8, 5, 6, 7], [8, 1, 8, 8, 8, 8, 8, 8], [8, 8, 2, 8, 8, 8, 8, 8], [8, 8, 8, 3, 8, 8, 8, 8], [8, 8, 8, 8, 4, 8, 8, 8], [5, 8, 8, 8, 8, 5, 6, 7], [8, 6, 8, 8, 8, 8, 8, 8], [8, 7, 8, 8, 8, 8, 8, 8]]
[[0, 8, 8, 8, 8, 5, 6, 7], [8, 1, 8, 8, 8, 8, 8, 8], [8, 8, 2, 8, 8, 8, 8, 8], [8, 8, 8, 3, 8, 8, 8, 8], [8, 8, 8, 8, 4, 8, 8, 8], [5, 8, 8, 8, 8, 5, 6, 7], [8, 6, 8, 8, 8, 8, 8, 8], [8, 8, 7, 8, 8, 8, 8, 8]]
[[0, 8, 8, 8, 8, 5, 6, 7], [8, 1, 8, 8, 8, 8, 8, 8], [8, 8, 2, 8, 8, 8, 8, 8], [8, 8, 8, 3, 8, 8, 8, 8], [8, 8, 8, 8, 4, 8, 8, 8], [5, 8, 8, 8, 8, 6, 0, 7], [6, 8, 8, 8, 8, 0, 5, 7], [8, 7, 8, 8, 8, 8, 8, 8]]
[[0, 8, 8, 8, 8, 5, 6, 7], [8, 1, 8, 8, 8, 8, 8, 8], [8, 8, 2, 8, 8, 8, 8, 8], [8, 8, 8, 3, 8, 8, 8, 8], [8, 8, 8, 8, 4, 8, 8, 8], [8, 5, 8, 8, 8, 8, 8, 8], [8, 6, 8, 8, 8, 8, 8, 8], [8, 7, 8, 8, 8, 8, 8, 8]]
[[0, 8, 8, 8, 8, 5, 6, 7], [8, 1, 8, 8, 8, 8, 8, 8], [8, 8, 2, 8, 8, 8, 8, 8], [8, 8, 8, 3, 8, 8, 8, 8], [8, 8, 8, 8, 4, 8, 8, 8], [8, 5, 8, 8, 8, 8, 8, 8], [8, 6, 8, 8, 8, 8, 8, 8], [8, 8, 7, 8, 8, 8, 8, 8]]
[[0, 8, 8, 8, 8, 5, 6, 7], [8, 1, 8, 8, 8, 8, 8, 8], [8, 8, 2, 8, 8, 8, 8, 8], [8, 8, 8, 3, 8, 8, 8, 8], [8, 8, 8, 8, 4, 8, 8, 8], [8, 5, 8, 8, 8, 8, 8, 8], [8, 8, 6, 8, 8, 8, 8, 8], [8, 8, 8, 7, 8, 8, 8, 8]]
[[0, 8, 8, 8, 8, 5, 6, 8], [8, 1, 8, 8, 8, 8, 8, 7], [8, 8, 2, 8, 8, 8, 8, 8], [8, 8, 8, 3, 8, 8, 8, 8], [8, 8, 8, 8, 4, 8, 8, 8], [5, 8, 8, 8, 8, 0, 6, 8], [6, 8, 8, 8, 8, 6, 6, 8], [7, 8, 8, 8, 8, 7, 7, 8]]
[[0, 8, 8, 8, 8, 5, 6, 8], [8, 1, 8, 8, 8, 8, 8, 7], [8, 8, 2, 8, 8, 8, 8, 8], [8, 8, 8, 3, 8, 8, 8, 8], [8, 8, 8, 8, 4, 8, 8, 8], [5, 8, 8, 8, 8, 0, 6, 8], [6, 8, 8, 8, 8, 6, 6, 8], [8, 7, 8, 8, 8, 8, 8, 1]]
[[0, 8, 8, 8, 8, 5, 6, 8], [8, 1, 8, 8, 8, 8, 8, 7], [8, 8, 2, 8, 8, 8, 8, 8], [8, 8, 8, 3, 8, 8, 8, 8], [8, 8, 8, 8, 4, 8, 8, 8], [5, 8, 8, 8, 8, 0, 6, 8], [6, 8, 8, 8, 8, 6, 6, 8], [8, 7, 8, 8, 8, 8, 8, 7]]
[[0, 8, 8, 8, 8, 5, 6, 8], [8, 1, 8, 8, 8, 8, 8, 7], [8, 8, 2, 8, 8, 8, 8, 8], [8, 8, 8, 3, 8, 8, 8, 8], [8, 8, 8, 8, 4, 8, 8, 8], [5, 8, 8, 8, 8, 0, 6, 8], [6, 8, 8, 8, 8, 6, 6, 8], [8, 8, 7, 8, 8, 8, 8, 8]]
[[0, 8, 8, 8, 8, 5, 6, 8], [8, 1, 8, 8, 8, 8, 8, 7], [8, 8, 2, 8, 8, 8, 8, 8], [8, 8, 8, 3, 8, 8, 8, 8], [8, 8, 8, 8, 4, 8, 8, 8], [5, 8, 8, 8, 8, 0, 6, 8], [8, 6, 8, 8, 8, 8, 8, 6], [8, 7, 8, 8, 8, 8, 8, 1]]
[[0, 8, 8, 8, 8, 5, 6, 8], [8, 1, 8, 8, 8, 8, 8, 7], [8, 8, 2, 8, 8, 8, 8, 8], [8, 8, 8, 3, 8, 8, 8, 8], [8, 8, 8, 8, 4, 8, 8, 8], [5, 8, 8, 8, 8, 0, 6, 8], [8, 6, 8, 8, 8, 8, 8, 6], [8, 7, 8, 8, 8, 8, 8, 7]]
[[0, 8, 8, 8, 8, 5, 6, 8], [8, 1, 8, 8, 8, 8, 8, 7], [8, 8, 2, 8, 8, 8, 8, 8], [8, 8, 8, 3, 8, 8, 8, 8], [8, 8, 8, 8, 4, 8, 8, 8], [5, 8, 8, 8, 8, 0, 6, 8], [8, 8, 6, 8, 8, 8, 8, 8], [8, 7, 8, 8, 8, 8, 8, 1]]
[[0, 8, 8, 8, 8, 5, 6, 8], [8, 1, 8, 8, 8, 8, 8, 7], [8, 8, 2, 8, 8, 8, 8, 8], [8, 8, 8, 3, 8, 8, 8, 8], [8, 8, 8, 8, 4, 8, 8, 8], [5, 8, 8, 8, 8, 0, 6, 8], [8, 8, 6, 8, 8, 8, 8, 8], [8, 7, 8, 8, 8, 8, 8, 7]]
[[0, 8, 8, 8, 8, 5, 6, 8], [8, 1, 8, 8, 8, 8, 8, 7], [8, 8, 2, 8, 8, 8, 8, 8], [8, 8, 8, 3, 8, 8, 8, 8], [8, 8, 8, 8, 4, 8, 8, 8], [5, 8, 8, 8, 8, 0, 6, 8], [8, 8, 6, 8, 8, 8, 8, 8], [8, 8, 7, 8, 8, 8, 8, 8]]
[[0, 8, 8, 8, 8, 5, 6, 8], [8, 1, 8, 8, 8, 8, 8, 7], [8, 8, 2, 8, 8, 8, 8, 8], [8, 8, 8, 3, 8, 8, 8, 8], [8, 8, 8, 8, 4, 8, 8, 8], [5, 8, 8, 8, 8, 0, 6, 8], [8, 8, 6, 8, 8, 8, 8, 8], [8, 8, 8, 7, 8, 8, 8, 8]]
[[0, 8, 8, 8, 8, 5, 6, 8], [8, 1, 8, 8, 8, 8, 8, 7], [8, 8, 2, 8, 8, 8, 8, 8], [8, 8, 8, 3, 8, 8, 8, 8], [8, 8, 8, 8, 4, 8, 8, 8], [5, 8, 8, 8, 8, 5, 5, 8], [6, 8, 8, 8, 8, 5, 5, 8], [7, 8, 8, 8, 8, 7, 7, 8]]
[[0, 8, 8, 8, 8, 5, 6, 8], [8, 1, 8, 8, 8, 8, 8, 7], [8, 8, 2, 8, 8, 8, 8, 8], [8, 8, 8, 3, 8, 8, 8, 8], [8, 8, 8, 8, 4, 8, 8, 8], [5, 8, 8, 8, 8, 5, 5, 8], [6, 8, 8, 8, 8, 5, 5, 8], [8, 7, 8, 8, 8, 8, 8, 1]]
[[0, 8, 8, 8, 8, 5, 6, 8], [8, 1, 8, 8, 8, 8, 8, 7], [8, 8, 2, 8, 8, 8, 8, 8], [8, 8, 8, 3, 8, 8, 8, 8], [8, 8, 8, 8, 4, 8, 8, 8], [5, 8, 8, 8, 8, 5, 5, 8], [6, 8, 8, 8, 8, 5, 5, 8], [8, 7, 8, 8, 8, 8, 8, 7]]
[[0, 8, 8, 8, 8, 5, 6, 8], [8, 1, 8, 8, 8, 8, 8, 7], [8, 8, 2, 8, 8, 8, 8, 8], [8, 8, 8, 3, 8, 8, 8, 8], [8, 8, 8, 8, 4, 8, 8, 8], [5, 8, 8, 8, 8, 5, 5, 8], [6, 8, 8, 8, 8, 5, 5, 8], [8, 8, 7, 8, 8, 8, 8, 8]]
[[0, 8, 8, 8, 8, 5, 6, 8], [8, 1, 8, 8, 8, 8, 8, 7], [8, 8, 2, 8, 8, 8, 8, 8], [8, 8, 8, 3, 8, 8, 8, 8], [8, 8, 8, 8, 4, 8, 8, 8], [5, 8, 8, 8, 8, 5, 5, 8], [6, 8, 8, 8, 8, 5, 6, 8], [7, 8, 8, 8, 8, 7, 7, 8]]
[[0, 8, 8, 8, 8, 5, 6, 8], [8, 1, 8, 8, 8, 8, 8, 7], [8, 8, 2, 8, 8, 8, 8, 8], [8, 8, 8, 3, 8, 8, 8, 8], [8, 8, 8, 8, 4, 8, 8, 8], [5, 8, 8, 8, 8, 5, 5, 8], [6, 8, 8, 8, 8, 5, 6, 8], [8, 7, 8, 8, 8, 8, 8, 1]]
[[0, 8, 8, 8, 8, 5, 6, 8], [8, 1, 8, 8, 8, 8, 8, 7], [8, 8, 2, 8, 8, 8, 8, 8], [8, 8, 8, 3, 8, 8, 8, 8], [8, 8, 8, 8, 4, 8, 8, 8], [5, 8, 8, 8, 8, 5, 5, 8], [6, 8, 8, 8, 8, 5, 6, 8], [8, 7, 8, 8, 8, 8, 8, 7]]
[[0, 8, 8, 8, 8, 5, 6, 8], [8, 1, 8, 8, 8, 8, 8, 7], [8, 8, 2, 8, 8, 8, 8, 8], [8, 8, 8, 3, 8, 8, 8, 8], [8, 8, 8, 8, 4, 8, 8, 8], [5, 8, 8, 8, 8, 5, 5, 8], [6, 8, 8, 8, 8, 5, 6, 8], [8, 8, 7, 8, 8, 8, 8, 8]]
[[0, 8, 8, 8, 8, 5, 6, 8], [8, 1, 8, 8, 8, 8, 8, 7], [8, 8, 2, 8, 8, 8, 8, 8], [8, 8, 8, 3, 8, 8, 8, 8], [8, 8, 8, 8, 4, 8, 8, 8], [5, 8, 8, 8, 8, 5, 5, 8], [6, 8, 8, 8, 8, 6, 6, 8], [7, 8, 8, 8, 8, 7, 7, 8]]
[[0, 8, 8, 8, 8, 5, 6, 8], [8, 1, 8, 8, 8, 8, 8, 7], [8, 8, 2, 8, 8, 8, 8, 8], [8, 8, 8, 3, 8, 8, 8, 8], [8, 8, 8, 8, 4, 8, 8, 8], [5, 8, 8, 8, 8, 5, 5, 8], [6, 8, 8, 8, 8, 6, 6, 8], [8, 7, 8, 8, 8, 8, 8, 1]]
[[0, 8, 8, 8, 8, 5, 6, 8], [8, 1, 8, 8, 8, 8, 8, 7], [8, 8, 2, 8, 8, 8, 8, 8], [8, 8, 8, 3, 8, 8, 8, 8], [8, 8, 8, 8, 4, 8, 8, 8], [5, 8, 8, 8, 8, 5, 5, 8], [6, 8, 8, 8, 8, 6, 6, 8], [8, 7, 8, 8, 8, 8, 8, 7]]
[[0, 8, 8, 8, 8, 5, 6, 8], [8, 1, 8, 8, 8, 8, 8, 7], [8, 8, 2, 8, 8, 8, 8, 8], [8, 8, 8, 3, 8, 8, 8, 8], [8, 8, 8, 8, 4, 8, 8, 8], [5, 8, 8, 8, 8, 5, 5, 8], [6, 8, 8, 8, 8, 6, 6, 8], [8, 8, 7, 8, 8, 8, 8, 8]]
[[0, 8, 8, 8, 8, 5, 6, 8], [8, 1, 8, 8, 8, 8, 8, 7], [8, 8, 2, 8, 8, 8, 8, 8], [8, 8, 8, 3, 8, 8, 8, 8], [8, 8, 8, 8, 4, 8, 8, 8], [5, 8, 8, 8, 8, 5, 6, 8], [6, 8, 8, 8, 8, 5, 6, 8], [7, 8, 8, 8, 8, 7, 7, 8]]
[[0, 8, 8, 8, 8, 5, 6, 8], [8, 1, 8, 8, 8, 8, 8, 7], [8, 8, 2, 8, 8, 8, 8, 8], [8, 8, 8, 3, 8, 8, 8, 8], [8, 8, 8, 8, 4, 8, 8, 8], [5, 8, 8, 8, 8, 5, 6, 8], [6, 8, 8, 8, 8, 5, 6, 8], [8, 7, 8, 8, 8, 8, 8, 1]]
[[0, 8, 8, 8, 8, 5, 6, 8], [8, 1, 8, 8, 8, 8, 8, 7], [8, 8, 2, 8, 8, 8, 8, 8], [8, 8, 8, 3, 8, 8, 8, 8], [8, 8, 8, 8, 4, 8, 8, 8], [5, 8, 8, 8, 8, 5, 6, 8], [6, 8, 8, 8, 8, 5, 6, 8], [8, 7, 8, 8, 8, 8, 8, 7]]
[[0, 8, 8, 8, 8, 5, 6, 8], [8, 1, 8, 8, 8, 8, 8, 7], [8, 8, 2, 8, 8, 8, 8, 8], [8, 8, 8, 3, 8, 8, 8, 8], [8, 8, 8, 8, 4, 8, 8, 8], [5, 8, 8, 8, 8, 5, 6, 8], [6, 8, 8, 8, 8, 5, 6, 8], [8, 8, 7, 8, 8, 8, 8, 8]]
[[0, 8, 8, 8, 8, 5, 6, 8], [8, 1, 8, 8, 8, 8, 8, 7], [8, 8, 2, 8, 8, 8, 8, 8], [8, 8, 8, 3, 8, 8, 8, 8], [8, 8, 8, 8, 4, 8, 8, 8], [5, 8, 8, 8, 8, 5, 6, 8], [6, 8, 8, 8, 8, 6, 5, 8], [7, 8, 8, 8, 8, 7, 7, 8]]
[[0, 8, 8, 8, 8, 5, 6, 8], [8, 1, 8, 8, 8, 8, 8, 7], [8, 8, 2, 8, 8, 8, 8, 8], [8, 8, 8, 3, 8, 8, 8, 8], [8, 8, 8, 8, 4, 8, 8, 8], [5, 8, 8, 8, 8, 5, 6, 8], [6, 8, 8, 8, 8, 6, 5, 8], [8, 7, 8, 8, 8, 8, 8, 1]]
[[0, 8, 8, 8, 8, 5, 6, 8], [8, 1, 8, 8, 8, 8, 8, 7], [8, 8, 2, 8, 8, 8, 8, 8], [8, 8, 8, 3, 8, 8, 8, 8], [8, 8, 8, 8, 4, 8, 8, 8], [5, 8, 8, 8, 8, 5, 6, 8], [6, 8, 8, 8, 8, 6, 5, 8], [8, 7, 8, 8, 8, 8, 8, 7]]
[[0, 8, 8, 8, 8, 5, 6, 8], [8, 1, 8, 8, 8, 8, 8, 7], [8, 8, 2, 8, 8, 8, 8, 8], [8, 8, 8, 3, 8, 8, 8, 8], [8, 8, 8, 8, 4, 8, 8, 8], [5, 8, 8, 8, 8, 5, 6, 8], [6, 8, 8, 8, 8, 6, 5, 8], [8, 8, 7, 8, 8, 8, 8, 8]]
[[0, 8, 8, 8, 8, 5, 6, 8], [8, 1, 8, 8, 8, 8, 8, 7], [8, 8, 2, 8, 8, 8, 8, 8], [8, 8, 8, 3, 8, 8, 8, 8], [8, 8, 8, 8, 4, 8, 8, 8], [5, 8, 8, 8, 8, 5, 6, 8], [8, 6, 8, 8, 8, 8, 8, 5], [7, 8, 8, 8, 8, 7, 1, 8]]
[[0, 8, 8, 8, 8, 5, 6, 8], [8, 1, 8, 8, 8, 8, 8, 7], [8, 8, 2, 8, 8, 8, 8, 8], [8, 8, 8, 3, 8, 8, 8, 8], [8, 8, 8, 8, 4, 8, 8, 8], [5, 8, 8, 8, 8, 5, 6, 8], [8, 6, 8, 8, 8, 8, 8, 6], [8, 7, 8, 8, 8, 8, 8, 1]]
[[0, 8, 8, 8, 8, 5, 6, 8], [8, 1, 8, 8, 8, 8, 8, 7], [8, 8, 2, 8, 8, 8, 8, 8], [8, 8, 8, 3, 8, 8, 8, 8], [8, 8, 8, 8, 4, 8, 8, 8], [5, 8, 8, 8, 8, 5, 6, 8], [8, 6, 8, 8, 8, 8, 8, 6], [8, 7, 8, 8, 8, 8, 8, 7]]
[[0, 8, 8, 8, 8, 5, 6, 8], [8, 1, 8, 8, 8, 8, 8, 7], [8, 8, 2, 8, 8, 8, 8, 8], [8, 8, 8, 3, 8, 8, 8, 8], [8, 8, 8, 8, 4, 8, 8, 8], [5, 8, 8, 8, 8, 5, 6, 8], [8, 8, 6, 8, 8, 8, 8, 8], [8, 7, 8, 8, 8, 8, 8, 1]]
[[0, 8, 8, 8, 8, 5, 6, 8], [8, 1, 8, 8, 8, 8, 8, 7], [8, 8, 2, 8, 8, 8, 8, 8], [8, 8, 8, 3, 8, 8, 8, 8], [8, 8, 8, 8, 4, 8, 8, 8], [5, 8, 8, 8, 8, 5, 6, 8], [8, 8, 6, 8, 8, 8, 8, 8], [8, 7, 8, 8, 8, 8, 8, 7]]
[[0, 8, 8, 8, 8, 5, 6, 8], [8, 1, 8, 8, 8, 8, 8, 7], [8, 8, 2, 8, 8, 8, 8, 8], [8, 8, 8, 3, 8, 8, 8, 8], [8, 8, 8, 8, 4, 8, 8, 8], [5, 8, 8, 8, 8, 5, 6, 8], [8, 8, 6, 8, 8, 8, 8, 8], [8, 8, 7, 8, 8, 8, 8, 8]]
[[0, 8, 8, 8, 8, 5, 6, 8], [8, 1, 8, 8, 8, 8, 8, 7], [8, 8, 2, 8, 8, 8, 8, 8], [8, 8, 8, 3, 8, 8, 8, 8], [8, 8, 8, 8, 4, 8, 8, 8], [5, 8, 8, 8, 8, 5, 6, 8], [8, 8, 6, 8, 8, 8, 8, 8], [8, 8, 8, 7, 8, 8, 8, 8]]
[[0, 8, 8, 8, 8, 5, 6, 8], [8, 1, 8, 8, 8, 8, 8, 7], [8, 8, 2, 8, 8, 8, 8, 8], [8, 8, 8, 3, 8, 8, 8, 8], [8, 8, 8, 8, 4, 8, 8, 8], [5, 8, 8, 8, 8, 6, 0, 8], [6, 8, 8, 8, 8, 0, 5, 8], [7, 8, 8, 8, 8, 7, 7, 8]]
[[0, 8, 8, 8, 8, 5, 6, 8], [8, 1, 8, 8, 8, 8, 8, 7], [8, 8, 2, 8, 8, 8, 8, 8], [8, 8, 8, 3, 8, 8, 8, 8], [8, 8, 8, 8, 4, 8, 8, 8], [5, 8, 8, 8, 8, 6, 0, 8], [6, 8, 8, 8, 8, 0, 5, 8], [8, 7, 8, 8, 8, 8, 8, 1]]
[[0, 8, 8, 8, 8, 5, 6, 8], [8, 1, 8, 8, 8, 8, 8, 7], [8, 8, 2, 8, 8, 8, 8, 8], [8, 8, 8, 3, 8, 8, 8, 8], [8, 8, 8, 8, 4, 8, 8, 8], [5, 8, 8, 8, 8, 6, 0, 8], [6, 8, 8, 8, 8, 0, 5, 8], [8, 7, 8, 8, 8, 8, 8, 7]]
[[0, 8, 8, 8, 8, 5, 6, 8], [8, 1, 8, 8, 8, 8, 8, 7], [8, 8, 2, 8, 8, 8, 8, 8], [8, 8, 8, 3, 8, 8, 8, 8], [8, 8, 8, 8, 4, 8, 8, 8], [5, 8, 8, 8, 8, 6, 0, 8], [6, 8, 8, 8, 8, 0, 5, 8], [8, 8, 7, 8, 8, 8, 8, 8]]
[[0, 8, 8, 8, 8, 5, 6, 8], [8, 1, 8, 8, 8, 8, 8, 7], [8, 8, 2, 8, 8, 8, 8, 8], [8, 8, 8, 3, 8, 8, 8, 8], [8, 8, 8, 8, 4, 8, 8, 8], [8, 5, 8, 8, 8, 8, 8, 5], [8, 6, 8, 8, 8, 8, 8, 5], [8, 7, 8, 8, 8, 8, 8, 7]]
[[0, 8, 8, 8, 8, 5, 6, 8], [8, 1, 8, 8, 8, 8, 8, 7], [8, 8, 2, 8, 8, 8, 8, 8], [8, 8, 8, 3, 8, 8, 8, 8], [8, 8, 8, 8, 4, 8, 8, 8], [8, 5, 8, 8, 8, 8, 8, 5], [8, 6, 8, 8, 8, 8, 8, 6], [8, 7, 8, 8, 8, 8, 8, 1]]
[[0, 8, 8, 8, 8, 5, 6, 8], [8, 1, 8, 8, 8, 8, 8, 7], [8, 8, 2, 8, 8, 8, 8, 8], [8, 8, 8, 3, 8, 8, 8, 8], [8, 8, 8, 8, 4, 8, 8, 8], [8, 5, 8, 8, 8, 8, 8, 5], [8, 6, 8, 8, 8, 8, 8, 6], [8, 7, 8, 8, 8, 8, 8, 7]]
[[0, 8, 8, 8, 8, 5, 6, 8], [8, 1, 8, 8, 8, 8, 8, 7], [8, 8, 2, 8, 8, 8, 8, 8], [8, 8, 8, 3, 8, 8, 8, 8], [8, 8, 8, 8, 4, 8, 8, 8], [8, 5, 8, 8, 8, 8, 8, 5], [8, 8, 6, 8, 8, 8, 8, 8], [8, 7, 8, 8, 8, 8, 8, 1]]
[[0, 8, 8, 8, 8, 5, 6, 8], [8, 1, 8, 8, 8, 8, 8, 7], [8, 8, 2, 8, 8, 8, 8, 8], [8, 8, 8, 3, 8, 8, 8, 8], [8, 8, 8, 8, 4, 8, 8, 8], [8, 5, 8, 8, 8, 8, 8, 5], [8, 8, 6, 8, 8, 8, 8, 8], [8, 7, 8, 8, 8, 8, 8, 7]]
[[0, 8, 8, 8, 8, 5, 6, 8], [8, 1, 8, 8, 8, 8, 8, 7], [8, 8, 2, 8, 8, 8, 8, 8], [8, 8, 8, 3, 8, 8, 8, 8], [8, 8, 8, 8, 4, 8, 8, 8], [8, 5, 8, 8, 8, 8, 8, 6], [8, 6, 8, 8, 8, 8, 8, 5], [8, 7, 8, 8, 8, 8, 8, 1]]
[[0, 8, 8, 8, 8, 5, 6, 8], [8, 1, 8, 8, 8, 8, 8, 7], [8, 8, 2, 8, 8, 8, 8, 8], [8, 8, 8, 3, 8, 8, 8, 8], [8, 8, 8, 8, 4, 8, 8, 8], [8, 5, 8, 8, 8, 8, 8, 6], [8, 8, 6, 8, 8, 8, 8, 8], [8, 8, 7, 8, 8, 8, 8, 8]]
[[0, 8, 8, 8, 8, 5, 6, 8], [8, 1, 8, 8, 8, 8, 8, 7], [8, 8, 2, 8, 8, 8, 8, 8], [8, 8, 8, 3, 8, 8, 8, 8], [8, 8, 8, 8, 4, 8, 8, 8], [8, 8, 5, 8, 8, 8, 8, 8], [8, 8, 6, 8, 8, 8, 8, 8], [8, 7, 8, 8, 8, 8, 8, 1]]
[[0, 8, 8, 8, 8, 5, 6, 8], [8, 1, 8, 8, 8, 8, 8, 7], [8, 8, 2, 8, 8, 8, 8, 8], [8, 8, 8, 3, 8, 8, 8, 8], [8, 8, 8, 8, 4, 8, 8, 8], [8, 8, 5, 8, 8, 8, 8, 8], [8, 8, 6, 8, 8, 8, 8, 8], [8, 7, 8, 8, 8, 8, 8, 7]]
[[0, 8, 8, 8, 8, 5, 6, 8], [8, 1, 8, 8, 8, 8, 8, 7], [8, 8, 2, 8, 8, 8, 8, 8], [8, 8, 8, 3, 8, 8, 8, 8], [8, 8, 8, 8, 4, 8, 8, 8], [8, 8, 5, 8, 8, 8, 8, 8], [8, 8, 6, 8, 8, 8, 8, 8], [8, 8, 7, 8, 8, 8, 8, 8]]
[[0, 8, 8, 8, 8, 5, 6, 8], [8, 1, 8, 8, 8, 8, 8, 7], [8, 8, 2, 8, 8, 8, 8, 8], [8, 8, 8, 3, 8, 8, 8, 8], [8, 8, 8, 8, 4, 8, 8, 8], [8, 8, 5, 8, 8, 8, 8, 8], [8, 8, 6, 8, 8, 8, 8, 8], [8, 8, 8, 7, 8, 8, 8, 8]]
[[0, 8, 8, 8, 8, 5, 6, 8], [8, 1, 8, 8, 8, 8, 8, 7], [8, 8, 2, 8, 8, 8, 8, 8], [8, 8, 8, 3, 8, 8, 8, 8], [8, 8, 8, 8, 4, 8, 8, 8], [8, 8, 5, 8, 8, 8, 8, 8], [8, 8, 8, 6, 8, 8, 8, 8], [8, 7, 8, 8, 8, 8, 8, 1]]
[[0, 8, 8, 8, 8, 5, 6, 8], [8, 1, 8, 8, 8, 8, 8, 7], [8, 8, 2, 8, 8, 8, 8, 8], [8, 8, 8, 3, 8, 8, 8, 8], [8, 8, 8, 8, 4, 8, 8, 8], [8, 8, 5, 8, 8, 8, 8, 8], [8, 8, 8, 6, 8, 8, 8, 8], [8, 7, 8, 8, 8, 8, 8, 7]]
[[0, 8, 8, 8, 8, 5, 6, 8], [8, 1, 8, 8, 8, 8, 8, 7], [8, 8, 2, 8, 8, 8, 8, 8], [8, 8, 8, 3, 8, 8, 8, 8], [8, 8, 8, 8, 4, 8, 8, 8], [8, 8, 5, 8, 8, 8, 8, 8], [8, 8, 8, 6, 8, 8, 8, 8], [8, 8, 7, 8, 8, 8, 8, 8]]
[[0, 8, 8, 8, 8, 5, 6, 8], [8, 1, 8, 8, 8, 8, 8, 7], [8, 8, 2, 8, 8, 8, 8, 8], [8, 8, 8, 3, 8, 8, 8, 8], [8, 8, 8, 8, 4, 8, 8, 8], [8, 8, 5, 8, 8, 8, 8, 8], [8, 8, 8, 6, 8, 8, 8, 8], [8, 8, 8, 8, 7, 8, 8, 8]]
[[0, 8, 8, 8, 8, 5, 8, 8], [8, 1, 8, 8, 8, 8, 6, 8], [8, 8, 2, 8, 8, 8, 8, 7], [8, 8, 8, 3, 8, 8, 8, 8], [8, 8, 8, 8, 4, 8, 8, 8], [5, 8, 8, 8, 8, 0, 8, 8], [6, 8, 8, 8, 8, 6, 8, 8], [7, 8, 8, 8, 8, 7, 8, 8]]
[[0, 8, 8, 8, 8, 5, 8, 8], [8, 1, 8, 8, 8, 8, 6, 8], [8, 8, 2, 8, 8, 8, 8, 7], [8, 8, 8, 3, 8, 8, 8, 8], [8, 8, 8, 8, 4, 8, 8, 8], [5, 8, 8, 8, 8, 0, 8, 8], [6, 8, 8, 8, 8, 6, 8, 8], [8, 8, 7, 8, 8, 8, 8, 2]]
[[0, 8, 8, 8, 8, 5, 8, 8], [8, 1, 8, 8, 8, 8, 6, 8], [8, 8, 2, 8, 8, 8, 8, 7], [8, 8, 8, 3, 8, 8, 8, 8], [8, 8, 8, 8, 4, 8, 8, 8], [5, 8, 8, 8, 8, 0, 8, 8], [6, 8, 8, 8, 8, 6, 8, 8], [8, 8, 7, 8, 8, 8, 8, 7]]
[[0, 8, 8, 8, 8, 5, 8, 8], [8, 1, 8, 8, 8, 8, 6, 8], [8, 8, 2, 8, 8, 8, 8, 7], [8, 8, 8, 3, 8, 8, 8, 8], [8, 8, 8, 8, 4, 8, 8, 8], [5, 8, 8, 8, 8, 0, 8, 8], [6, 8, 8, 8, 8, 6, 8, 8], [8, 8, 8, 7, 8, 8, 8, 8]]
[[0, 8, 8, 8, 8, 5, 8, 8], [8, 1, 8, 8, 8, 8, 6, 8], [8, 8, 2, 8, 8, 8, 8, 7], [8, 8, 8, 3, 8, 8, 8, 8], [8, 8, 8, 8, 4, 8, 8, 8], [5, 8, 8, 8, 8, 0, 8, 8], [8, 6, 8, 8, 8, 8, 1, 8], [8, 8, 7, 8, 8, 8, 8, 2]]
[[0, 8, 8, 8, 8, 5, 8, 8], [8, 1, 8, 8, 8, 8, 6, 8], [8, 8, 2, 8, 8, 8, 8, 7], [8, 8, 8, 3, 8, 8, 8, 8], [8, 8, 8, 8, 4, 8, 8, 8], [5, 8, 8, 8, 8, 0, 8, 8], [8, 6, 8, 8, 8, 8, 1, 8], [8, 8, 7, 8, 8, 8, 8, 7]]
[[0, 8, 8, 8, 8, 5, 8, 8], [8, 1, 8, 8, 8, 8, 6, 8], [8, 8, 2, 8, 8, 8, 8, 7], [8, 8, 8, 3, 8, 8, 8, 8], [8, 8, 8, 8, 4, 8, 8, 8], [5, 8, 8, 8, 8, 0, 8, 8], [8, 6, 8, 8, 8, 8, 1, 8], [8, 8, 8, 7, 8, 8, 8, 8]]
[[0, 8, 8, 8, 8, 5, 8, 8], [8, 1, 8, 8, 8, 8, 6, 8], [8, 8, 2, 8, 8, 8, 8, 7], [8, 8, 8, 3, 8, 8, 8, 8], [8, 8, 8, 8, 4, 8, 8, 8], [5, 8, 8, 8, 8, 0, 8, 8], [8, 6, 8, 8, 8, 8, 6, 8], [8, 7, 8, 8, 8, 8, 7, 8]]
[[0, 8, 8, 8, 8, 5, 8, 8], [8, 1, 8, 8, 8, 8, 6, 8], [8, 8, 2, 8, 8, 8, 8, 7], [8, 8, 8, 3, 8, 8, 8, 8], [8, 8, 8, 8, 4, 8, 8, 8], [5, 8, 8, 8, 8, 0, 8, 8], [8, 6, 8, 8, 8, 8, 6, 8], [8, 8, 7, 8, 8, 8, 8, 7]]
[[0, 8, 8, 8, 8, 5, 8, 8], [8, 1, 8, 8, 8, 8, 6, 8], [8, 8, 2, 8, 8, 8, 8, 7], [8, 8, 8, 3, 8, 8, 8, 8], [8, 8, 8, 8, 4, 8, 8, 8], [5, 8, 8, 8, 8, 0, 8, 8], [8, 6, 8, 8, 8, 8, 6, 8], [8, 8, 8, 7, 8, 8, 8, 8]]
[[0, 8, 8, 8, 8, 5, 8, 8], [8, 1, 8, 8, 8, 8, 6, 8], [8, 8, 2, 8, 8, 8, 8, 7], [8, 8, 8, 3, 8, 8, 8, 8], [8, 8, 8, 8, 4, 8, 8, 8], [5, 8, 8, 8, 8, 0, 8, 8], [8, 8, 6, 8, 8, 8, 8, 1], [8, 7, 8, 8, 8, 8, 2, 8]]
[[0, 8, 8, 8, 8, 5, 8, 8], [8, 1, 8, 8, 8, 8, 6, 8], [8, 8, 2, 8, 8, 8, 8, 7], [8, 8, 8, 3, 8, 8, 8, 8], [8, 8, 8, 8, 4, 8, 8, 8], [5, 8, 8, 8, 8, 0, 8, 8], [8, 8, 8, 6, 8, 8, 8, 8], [8, 8, 8, 7, 8, 8, 8, 8]]
[[0, 8, 8, 8, 8, 5, 8, 8], [8, 1, 8, 8, 8, 8, 6, 8], [8, 8, 2, 8, 8, 8, 8, 7], [8, 8, 8, 3, 8, 8, 8, 8], [8, 8, 8, 8, 4, 8, 8, 8], [5, 8, 8, 8, 8, 0, 8, 8], [8, 8, 8, 6, 8, 8, 8, 8], [8, 8, 8, 8, 7, 8, 8, 8]]
[[0, 8, 8, 8, 8, 5, 8, 8], [8, 1, 8, 8, 8, 8, 6, 8], [8, 8, 2, 8, 8, 8, 8, 7], [8, 8, 8, 3, 8, 8, 8, 8], [8, 8, 8, 8, 4, 8, 8, 8], [5, 8, 8, 8, 8, 5, 8, 8], [6, 8, 8, 8, 8, 6, 8, 8], [7, 8, 8, 8, 8, 7, 8, 8]]
[[0, 8, 8, 8, 8, 5, 8, 8], [8, 1, 8, 8, 8, 8, 6, 8], [8, 8, 2, 8, 8, 8, 8, 7], [8, 8, 8, 3, 8, 8, 8, 8], [8, 8, 8, 8, 4, 8, 8, 8], [5, 8, 8, 8, 8, 5, 8, 8], [6, 8, 8, 8, 8, 6, 8, 8], [8, 8, 7, 8, 8, 8, 8, 7]]
[[0, 8, 8, 8, 8, 5, 8, 8], [8, 1, 8, 8, 8, 8, 6, 8], [8, 8, 2, 8, 8, 8, 8, 7], [8, 8, 8, 3, 8, 8, 8, 8], [8, 8, 8, 8, 4, 8, 8, 8], [5, 8, 8, 8, 8, 5, 8, 8], [6, 8, 8, 8, 8, 6, 8, 8], [8, 8, 8, 7, 8, 8, 8, 8]]
[[0, 8, 8, 8, 8, 5, 8, 8], [8, 1, 8, 8, 8, 8, 6, 8], [8, 8, 2, 8, 8, 8, 8, 7], [8, 8, 8, 3, 8, 8, 8, 8], [8, 8, 8, 8, 4, 8, 8, 8], [5, 8, 8, 8, 8, 5, 8, 8], [8, 6, 8, 8, 8, 8, 6, 8], [8, 8, 7, 8, 8, 8, 8, 7]]
[[0, 8, 8, 8, 8, 5, 8, 8], [8, 1, 8, 8, 8, 8, 6, 8], [8, 8, 2, 8, 8, 8, 8, 7], [8, 8, 8, 3, 8, 8, 8, 8], [8, 8, 8, 8, 4, 8, 8, 8], [5, 8, 8, 8, 8, 5, 8, 8], [8, 6, 8, 8, 8, 8, 6, 8], [8, 8, 8, 7, 8, 8, 8, 8]]
[[0, 8, 8, 8, 8, 5, 8, 8], [8, 1, 8, 8, 8, 8, 6, 8], [8, 8, 2, 8, 8, 8, 8, 7], [8, 8, 8, 3, 8, 8, 8, 8], [8, 8, 8, 8, 4, 8, 8, 8], [5, 8, 8, 8, 8, 5, 8, 8], [8, 8, 6, 8, 8, 8, 8, 1], [8, 7, 8, 8, 8, 8, 2, 8]]
[[0, 8, 8, 8, 8, 5, 8, 8], [8, 1, 8, 8, 8, 8, 6, 8], [8, 8, 2, 8, 8, 8, 8, 7], [8, 8, 8, 3, 8, 8, 8, 8], [8, 8, 8, 8, 4, 8, 8, 8], [5, 8, 8, 8, 8, 5, 8, 8], [8, 8, 8, 6, 8, 8, 8, 8], [8, 8, 8, 7, 8, 8, 8, 8]]
[[0, 8, 8, 8, 8, 5, 8, 8], [8, 1, 8, 8, 8, 8, 6, 8], [8, 8, 2, 8, 8, 8, 8, 7], [8, 8, 8, 3, 8, 8, 8, 8], [8, 8, 8, 8, 4, 8, 8, 8], [5, 8, 8, 8, 8, 5, 8, 8], [8, 8, 8, 6, 8, 8, 8, 8], [8, 8, 8, 8, 7, 8, 8, 8]]
[[0, 8, 8, 8, 8, 5, 8, 8], [8, 1, 8, 8, 8, 8, 6, 8], [8, 8, 2, 8, 8, 8, 8, 7], [8, 8, 8, 3, 8, 8, 8, 8], [8, 8, 8, 8, 4, 8, 8, 8], [8, 5, 8, 8, 8, 8, 0, 8], [6, 8, 8, 8, 8, 1, 8, 8], [8, 8, 8, 7, 8, 8, 8, 8]]
[[0, 8, 8, 8, 8, 5, 8, 8], [8, 1, 8, 8, 8, 8, 6, 8], [8, 8, 2, 8, 8, 8, 8, 7], [8, 8, 8, 3, 8, 8, 8, 8], [8, 8, 8, 8, 4, 8, 8, 8], [8, 8, 8, 5, 8, 8, 8, 8], [8, 8, 8, 6, 8, 8, 8, 8], [8, 8, 8, 7, 8, 8, 8, 8]]
[[0, 8, 8, 8, 8, 5, 8, 8], [8, 1, 8, 8, 8, 8, 6, 8], [8, 8, 2, 8, 8, 8, 8, 7], [8, 8, 8, 3, 8, 8, 8, 8], [8, 8, 8, 8, 4, 8, 8, 8], [8, 8, 8, 5, 8, 8, 8, 8], [8, 8, 8, 6, 8, 8, 8, 8], [8, 8, 8, 8, 7, 8, 8, 8]]
